,label,Unedited mean intensity,Edited mean intensity,Unedited sum intensity,Edited sum intensity,ln(intensity) of unedited probe,ln(intensity) of edited probe,position
0,1,10.310344827586206,532.8965517241379,299.0,15454.0,5.700443573390687,9.645623148493529,27
1,2,19.125,384.40625,612.0,12301.0,6.416732282512326,9.417435838868785,27
2,3,18.05263157894737,46.8421052631579,343.0,890.0,5.8377304471659395,6.7912214627261855,27
3,4,10.653846153846153,292.11538461538464,277.0,7595.000000000001,5.6240175061873385,8.935245415029874,27
4,5,10.466666666666667,228.06666666666666,314.0,6842.0,5.749392985908253,8.830835365537549,27
5,6,12.333333333333334,223.66666666666666,333.0,6039.0,5.808142489980444,8.705993714307901,27
6,7,14.8,252.4,370.0,6310.0,5.91350300563827,8.749890955535259,27
7,8,7.285714285714286,145.28571428571428,102.0,2034.0,4.624972813284271,7.617759576608505,27
8,9,11.555555555555555,293.14814814814815,312.0,7915.0,5.7430031878094825,8.976514972315112,27
9,10,13.5,262.15384615384613,351.0,6815.999999999999,5.860786223465865,8.82702806850915,27
10,11,13.392857142857142,309.32142857142856,375.0,8661.0,5.926926025970411,9.066585468331045,27
11,12,7.666666666666667,218.58333333333334,92.0,2623.0,4.5217885770490405,7.872073979866873,27
12,13,21.34375,430.96875,683.0,13791.0,6.52649485957079,9.531771484474337,27
13,14,13.583333333333334,199.08333333333334,163.0,2389.0,5.093750200806762,7.77863014732581,27
14,15,13.785714285714286,364.7142857142857,386.0,10212.0,5.955837369464831,9.231318778361375,27
15,16,15.653846153846153,253.19230769230768,407.0,6583.0,6.008813185442595,8.792245847467877,27
16,17,26.0,494.36842105263156,988.0,18786.0,6.895682697747868,9.84086719055446,27
17,18,12.23076923076923,196.23076923076923,318.0,5102.0,5.762051382780177,8.537387898701757,27
18,19,53.734693877551024,1090.5714285714287,2633.0,53438.00000000001,7.87587915949631,10.886277382360488,27
19,20,33.94117647058823,637.7352941176471,1154.0,21683.0,7.050989447068045,9.984283822364217,27
20,21,29.152173913043477,537.6304347826087,1341.0,24731.000000000004,7.201170883281678,10.115812796414458,27
21,22,10.4375,317.1875,167.0,5075.0,5.117993812416755,8.532081803909987,27
22,23,17.75,774.9,710.0,30996.0,6.565264970035361,10.34161344288384,27
23,24,27.17391304347826,326.0869565217391,625.0,7500.0,6.437751649736401,8.922658299524402,27
24,25,14.416666666666666,328.5,173.0,3942.0,5.153291594497779,8.279443487712665,27
25,26,11.421052631578947,383.42105263157896,217.0,7285.0,5.37989735354046,8.893572718629306,27
26,27,18.764705882352942,378.4117647058824,319.0,6433.0,5.765191102784844,8.769196271411001,27
27,28,20.875,305.8333333333333,501.0,7340.0,6.2166061010848646,8.901094121608562,27
28,29,24.916666666666668,410.9166666666667,598.0,9862.0,6.393590753950631,9.196444266784072,27
29,30,25.607142857142858,397.35714285714283,717.0,11126.0,6.57507584059962,9.317039990635239,27
30,31,7.32258064516129,629.0645161290323,227.0,19501.0,5.424950017481403,9.87822102528824,27
31,32,26.65,583.2,533.0,11664.0,6.278521424165844,9.36426245424844,27
32,33,18.40909090909091,370.3636363636364,810.0,16296.0,6.697034247666484,9.698674957906642,27
33,35,9.941176470588236,266.52941176470586,169.0,4531.0,5.1298987149230735,8.418697944667139,27
34,36,10.875,314.75,87.0,2518.0,4.465908118654584,7.831220214604293,27
35,37,10.962962962962964,385.962962962963,296.0,10421.0,5.69035945432406,9.251578279992428,27
36,38,34.142857142857146,578.9285714285714,956.0000000000001,16210.0,6.862757913051402,9.693383614729722,27
37,39,30.93617021276596,533.2340425531914,1454.0,25061.999999999996,7.282073658093465,10.129108033725231,27
38,40,32.65714285714286,609.2285714285714,1143.0,21323.0,7.04141166379481,9.967541581326234,27
39,41,11.3,203.0,226.0,4060.0,5.420534999272286,8.308938252595778,27
40,42,27.181818181818183,462.09090909090907,598.0,10166.0,6.393590753950631,9.226804098006848,27
41,43,10.833333333333334,208.44444444444446,195.0,3752.0,5.272999558563747,8.230044310126114,27
42,44,8.133333333333333,211.73333333333332,122.0,3176.0,4.804021044733257,8.063377822367027,27
43,45,33.0,577.28,825.0,14432.0,6.715383386334681,9.577203242302405,27
44,46,20.26086956521739,484.04347826086956,466.0,11133.0,6.144185634125646,9.317668949728708,27
45,47,44.65853658536585,939.9024390243902,1831.0,38536.0,7.5126175446745105,10.559348148310058,27
46,48,17.272727272727273,363.8181818181818,190.0,4002.0,5.247024072160486,8.294549515143679,27
47,49,14.625,286.625,351.0,6879.0,5.860786223465865,8.836228571526014,27
48,50,11.74074074074074,294.962962962963,317.0,7964.000000000001,5.75890177387728,8.982686665184087,27
49,51,17.6,491.05,352.0,9821.0,5.863631175598097,9.192278229157774,27
50,52,2.4166666666666665,228.25,29.0,2739.0,3.367295829986474,7.915348169263078,27
51,53,13.866666666666667,168.73333333333332,208.0,2531.0,5.337538079701318,7.836369760545124,27
52,54,58.65384615384615,1091.2307692307693,3050.0,56744.0,8.022896869601457,10.946305202881923,27
53,55,10.058823529411764,163.47058823529412,171.0,2779.0,5.14166355650266,7.929846429742503,27
54,56,19.11111111111111,317.037037037037,516.0,8560.0,6.246106765481563,9.054855469135788,27
55,57,16.68421052631579,244.47368421052633,317.00000000000006,4645.0,5.758901773877281,8.443546651247939,27
56,58,21.5,383.0,430.0,7660.0,6.063785208687608,8.943767262734637,27
57,59,21.26086956521739,423.6521739130435,489.0,9744.0,6.192362489474872,9.184406989949679,27
58,60,10.72,266.36,268.0,6659.0,5.5909869805108565,8.803724602110622,27
59,61,24.857142857142858,492.0,348.0,6888.0,5.8522024797744745,8.837536046107568,27
60,62,28.535714285714285,533.4285714285714,799.0,14936.0,6.683360945766275,9.611529685221559,27
61,63,34.707317073170735,682.5853658536586,1423.0000000000002,27986.0,7.260522598089852,10.239459664115659,27
62,64,31.019607843137255,574.4509803921569,1582.0,29297.000000000004,7.366445148327599,10.285240400684541,27
63,65,11.045454545454545,165.86363636363637,243.0,3649.0,5.493061443340548,8.202208436436448,27
64,66,11.217391304347826,185.3913043478261,258.0,4264.0,5.552959584921617,8.357962965845681,27
65,67,23.137931034482758,407.3103448275862,671.0,11812.0,6.508769136971682,9.376871242863814,27
66,68,26.19047619047619,364.23809523809524,550.0,7649.0,6.309918278226516,8.942330199321866,27
67,69,17.32,364.32,433.0,9108.0,6.07073772800249,9.11690842718363,27
68,70,24.416666666666668,401.4166666666667,293.0,4817.0,5.680172609017068,8.479906606630221,27
69,71,29.681818181818183,455.1818181818182,653.0,10014.0,6.481577129276431,9.211739392889891,27
70,72,27.25,437.7916666666667,654.0,10507.0,6.483107351457199,9.259796980688776,27
71,73,24.615384615384617,508.7692307692308,640.0,13228.0,6.461468176353717,9.490091074101683,27
72,74,24.22222222222222,426.0,436.0,7668.0,6.077642243349034,8.944811104165534,27
73,75,57.1044776119403,1184.44776119403,3826.0,79358.0,8.249575150000199,11.281724540028286,27
74,76,8.3125,208.9375,133.0,3343.0,4.890349128221754,8.114623886420098,27
75,77,17.423076923076923,380.46153846153845,453.0,9892.0,6.115892125483034,9.199481628641307,27
76,78,7.933333333333334,194.93333333333334,119.0,2924.0,4.77912349311153,7.980707820869669,27
77,79,22.94736842105263,403.7894736842105,436.0,7672.0,6.077642243349034,8.945332616563274,27
78,80,16.25,292.375,130.0,2339.0,4.867534450455582,7.757478766584179,27
79,81,36.827586206896555,670.2413793103449,1068.0,19437.0,6.97354301952014,9.874933745118067,27
80,82,17.333333333333332,266.5,208.0,3198.0,5.337538079701318,8.0702808933939,27
81,83,30.2,599.24,755.0,14981.0,6.626717749249025,9.614538010517382,27
82,84,33.2,579.3111111111111,1494.0000000000002,26069.0,7.309212365692763,10.168502147925643,27
83,85,34.708333333333336,527.3541666666666,1666.0,25313.0,7.418180822726788,10.139073376740225,27
84,86,19.318181818181817,368.22727272727275,424.99999999999994,8101.0,6.052089168924416,8.999742789830492,27
85,87,11.76923076923077,304.6923076923077,306.0,7922.0,5.723585101952381,8.977398978181862,27
86,88,46.39655172413793,744.0,2691.0,43152.0,7.897668150726906,10.67248404537951,27
87,89,23.9,429.7,239.0,4297.0,5.476463551931511,8.365672383774996,27
88,90,10.68,191.04,267.0,4776.0,5.58724865840025,8.471358655072438,27
89,91,30.318181818181817,603.5,667.0,13277.0,6.502790045915623,9.493788493895902,27
90,92,10.8,174.13333333333333,162.0,2612.0,5.087596335232384,7.867871490396322,27
91,93,23.41176470588235,462.52941176470586,398.0,7863.0,5.986452005284438,8.969923491991516,27
92,94,19.92,392.92,498.00000000000006,9823.0,6.210600077024653,9.19248185367487,27
93,95,32.611111111111114,409.3888888888889,587.0,7369.0,6.375024819828097,8.905037290767,27
94,96,30.63157894736842,608.5263157894736,582.0,11562.0,6.366470447731438,9.355479137642421,27
95,97,31.714285714285715,603.8571428571429,888.0,16908.0,6.78897174299217,9.73554216168668,27
96,99,23.814814814814813,478.8888888888889,643.0,12930.0,6.466144724237619,9.467305471765902,27
97,100,25.145454545454545,410.8545454545455,1383.0,22597.0,7.232010331664759,10.025572433086365,27
98,101,12.823529411764707,289.47058823529414,218.0,4921.0,5.384495062789089,8.501267040865978,27
99,102,8.166666666666666,258.0833333333333,98.0,3097.0,4.584967478670572,8.038189179973203,27
100,103,29.75,541.8333333333334,714.0,13004.0,6.570882962339584,9.473012281423795,27
101,104,34.270270270270274,535.7567567567568,1268.0000000000002,19823.0,7.145196134997171,9.894598158690211,27
102,105,22.16,379.04,554.0,9476.0,6.317164686747284,9.156517565278676,27
103,106,32.96875,575.0,1055.0,18400.0,6.961296045910167,9.820105943597078,27
104,107,18.65,314.25,373.0,6285.0,5.921578419643816,8.745921121024347,27
105,108,18.941176470588236,384.29411764705884,322.0,6533.0,5.7745515455444085,8.78462153484075,27
106,109,8.9375,177.5,143.0,2840.0,4.962844630259907,7.951559331155252,27
107,110,16.733333333333334,304.26666666666665,251.0,4564.0,5.5254529391317835,8.425954710981966,27
108,111,20.115384615384617,479.7307692307692,523.0,12473.0,6.259581464064923,9.431321587125709,27
109,112,24.157894736842106,437.1578947368421,459.0,8306.0,6.129050210060545,9.024733424190698,27
110,113,22.227272727272727,424.59090909090907,489.0,9341.0,6.192362489474872,9.14216859187285,27
111,114,25.09090909090909,604.5454545454545,552.0,13300.0,6.313548046277095,9.495519314209846,27
112,115,24.558823529411764,345.55882352941177,835.0,11749.0,6.727431724850855,9.371523409567573,27
113,116,24.214285714285715,447.7857142857143,339.0,6269.0,5.82600010738045,8.743372131273969,27
114,117,31.7,614.3333333333334,951.0,18430.0,6.85751406254539,9.821735050663868,27
115,118,12.296296296296296,292.2962962962963,332.0,7892.0,5.805134968916488,8.973604867142505,27
116,119,32.92857142857143,696.2380952380952,1383.0,29241.999999999996,7.232010331664759,10.283361310977384,27
117,120,8.842105263157896,267.2631578947368,168.00000000000003,5078.0,5.123963979403259,8.532672762264625,27
118,121,12.666666666666666,220.33333333333334,266.0,4627.0,5.583496308781699,8.439663988907,27
119,122,31.314285714285713,623.4285714285714,1096.0,21820.0,6.999422467507961,9.990582259387061,27
120,123,12.384615384615385,154.3846153846154,322.0,4014.0,5.7745515455444085,8.297543529356284,27
121,124,27.457142857142856,484.8857142857143,961.0,16971.0,6.8679744089702925,9.739261284011265,27
122,125,20.842105263157894,348.1578947368421,396.0,6615.0,5.981414211254481,8.797095076549056,27
123,126,14.25,273.3,285.0,5466.0,5.652489180268651,8.606302366488013,27
124,127,28.11111111111111,654.2592592592592,759.0,17665.0,6.63200177739563,9.779340559793246,27
125,128,3.875,156.0,31.0,1248.0,3.4339872044851463,7.129297548929373,27
126,130,18.263157894736842,355.57894736842104,347.0,6756.0,5.849324779946859,8.81818627792769,27
127,131,14.333333333333334,277.7083333333333,344.0,6665.0,5.840641657373398,8.804625232612809,27
128,132,12.625,195.8125,202.0,3133.0,5.308267697401205,8.049746290952191,27
129,133,19.583333333333332,379.3333333333333,470.0,9104.0,6.152732694704104,9.116469156366112,27
130,134,9.944444444444445,310.1666666666667,179.0,5583.0,5.187385805840755,8.62748154531036,27
131,135,28.5,461.46875,912.0,14767.0,6.815639990074331,9.600150240473774,27
132,136,0.4594594594594595,879.972972972973,17.0,32559.000000000004,2.833213344056216,10.390809107114125,27
133,141,10.909090909090908,131.27272727272728,239.99999999999997,2888.0,5.480638923341991,7.968319500012717,27
134,142,14.92,228.12,373.0,5703.0,5.921578419643816,8.648747631156539,27
135,143,19.57894736842105,409.5263157894737,372.0,7781.0,5.918893854273146,8.95944014361693,27
136,144,13.23076923076923,207.92307692307693,172.0,2703.0,5.147494476813453,7.902117546276448,27
137,145,7.75,255.625,62.0,2045.0,4.127134385045092,7.623153068476902,27
138,146,12.411764705882353,177.23529411764707,211.0,3013.0,5.351858133476067,8.0106915391303,27
139,147,18.82857142857143,438.48571428571427,659.0,15347.0,6.490723534502507,9.638675294175094,27
140,148,33.357142857142854,643.1666666666666,1400.9999999999998,27013.0,7.244941546337007,10.204073510592933,27
141,149,18.53846153846154,352.8076923076923,482.00000000000006,9173.0,6.1779441140506,9.124019665509655,27
142,150,9.526315789473685,174.94736842105263,181.0,3324.0,5.198497031265826,8.10892415597534,27
143,151,21.964285714285715,418.60714285714283,615.0,11721.0,6.421622267806518,9.36913738372318,27
144,152,24.428571428571427,457.35714285714283,342.0,6403.0,5.834810737062605,8.764521909518802,27
145,153,24.272727272727273,445.6363636363636,267.0,4902.0,5.58724865840025,8.497398564088058,27
146,154,30.62162162162162,962.9459459459459,1133.0,35629.0,7.0326242610280065,10.4809151919697,27
147,155,22.363636363636363,547.5909090909091,492.0,12047.0,6.198478716492308,9.396570945266852,27
148,156,27.285714285714285,499.2857142857143,573.0,10485.0,6.35088571671474,9.25770094333602,27
149,157,15.61111111111111,369.3333333333333,281.0,6648.0,5.638354669333745,8.802071336535285,27
150,158,3.2,194.8,32.0,1948.0,3.4657359027997265,7.5745584842024805,27
151,159,13.566666666666666,409.6,407.0,12288.0,6.008813185442595,9.416378455387454,27
152,160,13.892857142857142,516.3214285714286,389.0,14457.0,5.963579343618446,9.578934005308442,27
153,161,21.8,489.8,545.0,12245.0,6.300785794663244,9.412872969386267,27
154,162,26.794117647058822,630.7352941176471,911.0,21445.0,6.814542897259958,9.973246796950981,27
155,163,16.346153846153847,423.15384615384613,425.0,11002.0,6.052089168924417,9.305832353435404,27
156,164,12.25,404.3125,196.0,6469.0,5.278114659230517,8.774776816043985,27
157,165,24.91304347826087,424.8695652173913,573.0,9772.0,6.35088571671474,9.187276432377631,27
158,166,16.5,348.78125,528.0,11161.0,6.269096283706261,9.320180837655714,27
159,167,72.69852941176471,1451.7058823529412,9887.0,197432.0,9.198976041897133,12.193149500239684,27
160,168,6.5,263.125,52.0,2105.0,3.9512437185814275,7.652070746116482,27
161,169,12.25,301.8333333333333,147.0,3622.0,4.990432586778736,8.19478163844336,27
162,170,16.58823529411765,305.5882352941176,282.0,5195.0,5.641907070938114,8.555451903533328,27
163,171,17.0,316.6666666666667,204.0,3800.0,5.318119993844216,8.242756345714477,27
164,172,13.333333333333334,350.3333333333333,280.0,7357.0,5.634789603169249,8.903407519932264,27
165,173,20.291666666666668,368.5833333333333,487.0,8846.0,6.18826412308259,9.087720658428273,27
166,174,19.304347826086957,473.4347826086956,444.0,10889.0,6.095824562432225,9.29550838434606,27
167,175,7.076923076923077,391.6923076923077,184.0,10184.0,5.214935757608986,9.228573140237243,27
168,176,7.090909090909091,229.27272727272728,78.0,2522.0,4.356708826689592,7.8328075165248645,27
169,177,23.61904761904762,473.7142857142857,496.0,9948.0,6.206575926724928,9.205126804923296,27
170,178,11.5,309.125,92.0,2473.0,4.5217885770490405,7.813187267521416,27
171,179,7.8,307.3,78.0,3073.0,4.356708826689592,8.030409562130485,27
172,180,26.243243243243242,514.972972972973,971.0,19054.000000000004,6.878326468291325,9.855032332266726,27
173,181,6.882352941176471,151.05882352941177,117.0,2568.0,4.762173934797756,7.850882664809852,27
174,182,57.65909090909091,1089.2045454545455,2537.0,47925.0,7.838737559599282,10.777392567913845,27
175,183,16.5625,332.125,265.0,5314.0,5.579729825986222,8.57810012631976,27
176,184,23.558823529411764,584.6764705882352,801.0,19879.0,6.68586094706836,9.897419177134521,27
177,185,17.14814814814815,453.74074074074076,463.0,12251.0,6.137727054086234,9.41336284529417,27
178,186,15.0,305.7647058823529,255.0,5198.0,5.541263545158426,8.556029215201436,27
179,187,30.565217391304348,648.9347826086956,1406.0,29851.0,7.2485040723706105,10.303973619097128,27
180,188,34.857142857142854,737.2857142857143,487.99999999999994,10322.0,6.190315405853147,9.242032818708672,27
181,189,15.136363636363637,304.6818181818182,333.0,6703.0,5.808142489980444,8.810310466357958,27
182,190,18.46153846153846,430.88461538461536,479.99999999999994,11203.0,6.173786103901937,9.323936878558722,27
183,191,16.791666666666668,348.5416666666667,403.0,8365.0,5.998936561946683,9.031811613420924,27
184,192,31.625,623.875,253.0,4991.0,5.53338948872752,8.515391569469609,27
185,193,24.85,540.7,497.0,10814.0,6.208590026096629,9.28859686994195,27
186,194,11.529411764705882,349.1764705882353,196.0,5936.0,5.278114659230517,8.688790784847216,27
187,195,10.31578947368421,365.3157894736842,196.0,6941.0,5.278114659230517,8.845201135339584,27
188,196,25.02857142857143,486.2857142857143,876.0,17020.0,6.775366090936392,9.742144402127366,27
189,197,18.52173913043478,354.60869565217394,426.0,8156.000000000001,6.054439346269371,9.006509131694346,27
190,198,18.5,269.625,592.0,8628.0,6.3835066348840055,9.062768007509048,27
191,199,43.297872340425535,713.2765957446809,2035.0000000000002,33524.0,7.618251097876695,10.420016879218796,27
192,200,22.0,498.5357142857143,616.0,13959.0,6.423246963533519,9.543879740512757,27
193,201,13.363636363636363,293.0,147.0,3223.0,4.990432586778736,8.078067881815437,27
194,202,19.892857142857142,415.35714285714283,557.0,11630.0,6.322565239927284,9.36134324551271,27
195,203,18.1,347.1,181.0,3471.0,5.198497031265826,8.152198015861787,27
196,204,21.035714285714285,458.85714285714283,589.0,12848.0,6.3784261836515865,9.460943436186543,27
197,205,13.32,308.08,333.0,7702.0,5.808142489980444,8.949235314374855,27
198,206,16.785714285714285,425.85714285714283,470.0,11924.0,6.152732694704104,9.386308454797962,27
199,207,14.521739130434783,333.0869565217391,334.0,7661.0,5.811140992976701,8.94389780251682,27
200,208,14.0,334.3,140.0,3343.0,4.941642422609304,8.114623886420098,27
201,209,19.181818181818183,368.09090909090907,422.00000000000006,8097.999999999999,6.045005314036012,8.999372396592106,27
202,210,11.421052631578947,156.73684210526315,217.0,2978.0,5.37989735354046,7.999007213243955,27
203,211,18.3,360.6,366.0,7212.0,5.902633333401366,8.883501584323207,27
204,212,15.35483870967742,275.96774193548384,476.0,8555.0,6.16541785423142,9.054271186326293,27
205,213,13.03448275862069,292.0,378.0,8468.0,5.934894195619588,9.044049632254756,27
206,214,11.9,293.1,119.0,2931.0,4.77912349311153,7.983098940710892,27
207,215,16.2,340.0,324.0,6800.0,5.780743515792329,8.824677891164198,27
208,216,31.571428571428573,491.2142857142857,884.0,13754.0,6.784457062637643,9.529084969879781,27
209,217,13.117647058823529,132.41176470588235,223.0,2251.0,5.407171771460119,7.719129840906732,27
210,218,19.77777777777778,386.3703703703704,534.0,10432.0,6.280395838960195,9.252633284166434,27
211,219,17.045454545454547,345.54545454545456,375.0,7602.0,5.926926025970411,8.936166649549195,27
212,220,1.0,156.375,16.0,2502.0,2.772588722239781,7.824845691026856,27
213,221,19.176470588235293,383.3235294117647,652.0,13033.0,6.480044561926653,9.47523988153072,27
214,222,26.0,642.1764705882352,442.0,10917.0,6.091309882077698,9.29807648628027,27
215,223,39.642857142857146,855.875,2220.0,47929.0,7.705262474866325,10.777476028176377,27
216,224,20.272727272727273,490.90909090909093,223.0,5400.0,5.407171771460119,8.594154232552366,27
217,225,16.894736842105264,388.0,321.0,7372.0,5.771441123130016,8.905444318789714,27
218,226,14.583333333333334,268.75,175.0,3225.0,5.1647859739235145,8.078688229229872,27
219,227,23.91304347826087,489.5217391304348,550.0,11259.0,6.309918278226516,9.32892308780313,27
220,228,2.0,108.33333333333333,24.0,1300.0,3.1780538303479458,7.170119543449628,27
221,229,34.925,851.925,1397.0,34077.0,7.242082359256962,10.436377948899532,27
222,230,5.666666666666667,227.0,68.0,2724.0,4.219507705176107,7.909856667269403,27
223,231,17.916666666666668,374.9166666666667,215.0,4499.0,5.3706380281276624,8.411610428841172,27
224,232,15.625,307.3125,500.0,9834.0,6.214608098422191,9.193601047971885,27
225,233,21.105263157894736,381.7631578947368,802.0,14507.0,6.687108607866515,9.582386570538903,27
226,234,23.142857142857142,845.3928571428571,648.0,23671.0,6.473890696352274,10.07200594918639,27
227,235,24.464285714285715,476.14285714285717,685.0,13332.0,6.529418838262226,9.497922439427631,27
228,236,27.5,587.9545454545455,605.0,12935.0,6.405228458030842,9.46769209462013,27
229,237,25.25925925925926,544.4444444444445,682.0,14700.0,6.525029657843462,9.595602772766828,27
230,238,20.083333333333332,396.5833333333333,241.0,4759.0,5.484796933490655,8.46779284112111,27
231,239,20.486486486486488,476.4864864864865,758.0,17630.0,6.630683385642372,9.777357275391916,27
232,240,35.81481481481482,623.6296296296297,967.0,16838.0,6.874198495453294,9.73139351589761,27
233,241,30.058823529411764,576.3529411764706,511.0,9798.0,6.236369590203704,9.18993356219852,27
234,242,23.323529411764707,548.9117647058823,793.0,18663.0,6.675823221634848,9.83429823318313,27
235,243,37.48148148148148,747.4444444444445,1012.0,20181.0,6.919683849847411,9.912496846693715,27
236,244,27.333333333333332,467.1111111111111,738.0,12612.0,6.6039438246004725,9.442404020664952,27
237,245,40.5,737.2272727272727,891.0,16219.0,6.792344427470809,9.69393867348769,27
238,246,26.25,373.375,210.0,2987.0,5.3471075307174685,8.00202481821611,27
239,247,21.2,425.73333333333335,318.0,6386.0,5.762051382780177,8.761863373274727,27
240,248,30.09090909090909,547.7045454545455,1324.0,24099.0,7.188412736496954,10.089925624841921,27
241,249,6.576923076923077,666.8846153846154,171.0,17339.0,5.14166355650266,9.760713578544673,27
242,250,0.4,267.9,4.0,2679.0,1.3862943611198906,7.893198869544609,27
243,251,86.14583333333333,996.4791666666666,4135.0,47831.0,8.327242607457793,10.775429243836092,27
244,252,24.176470588235293,434.11764705882354,411.0,7380.0,6.018593214496234,8.906528917594517,27
245,253,22.020408163265305,431.0816326530612,1079.0,21123.0,6.983789965258135,9.958117773187244,27
246,254,2.16,571.88,54.0,14297.0,3.9889840465642745,9.567805004029164,27
247,255,31.892857142857142,624.4285714285714,893.0,17484.0,6.794586580876499,9.769041455983205,27
248,256,33.21052631578947,482.89473684210526,631.0,9175.0,6.447305862541213,9.12423767292277,27
249,257,49.108108108108105,923.8648648648649,1817.0,34183.0,7.504942068396171,10.439483723444063,27
250,258,37.5,25.5,525.0,357.0,6.263398262591624,5.877735781779639,27
251,259,15.764705882352942,17.0,268.0,289.0,5.5909869805108565,5.666426688112432,27
252,260,22.357142857142858,347.85714285714283,313.0,4870.0,5.746203190540153,8.490849216076635,27
253,261,19.137931034482758,418.8965517241379,555.0,12148.0,6.318968113746434,9.404919826165639,27
254,262,30.944444444444443,634.4722222222222,1114.0,22841.0,7.01571242048723,10.036312445648633,27
255,263,11.0625,297.125,177.0,4754.0,5.176149732573829,8.46674164792014,27
256,264,46.88636363636363,884.6136363636364,2063.0,38923.0,7.631916513071252,10.569340614521527,27
257,265,22.333333333333332,632.6666666666666,134.0,3796.0,4.897839799950911,8.241703159729818,27
258,266,39.69444444444444,44.916666666666664,1429.0,1617.0,7.264730177929867,7.388327859577107,27
259,267,38.116279069767444,781.1860465116279,1639.0,33591.0,7.40184157874383,10.422013452928306,27
260,268,3.433333333333333,786.1,103.0,23583.0,4.634728988229636,10.068281392461866,27
261,269,21.52,433.56,538.0,10839.0,6.2878585601617845,9.29090601981575,27
262,270,8.25,251.66666666666666,198.0,6040.0,5.288267030694535,8.706159290928861,27
263,271,13.91304347826087,270.30434782608694,320.0,6217.0,5.768320995793772,8.735042754269337,27
264,272,33.13793103448276,585.4827586206897,961.0000000000001,16979.0,6.8679744089702925,9.739732565316011,27
265,273,17.318181818181817,298.6818181818182,380.99999999999994,6571.0,5.942799375126701,8.790421306897867,27
266,274,10.434782608695652,192.2173913043478,240.0,4421.0,5.480638923341991,8.394121193826242,27
267,275,21.40909090909091,431.09090909090907,471.0,9484.0,6.154858094016418,9.157361447185297,27
268,276,28.434782608695652,563.1304347826087,654.0,12952.000000000002,6.483107351457199,9.469005495357472,27
269,277,11.285714285714286,217.85714285714286,237.00000000000003,4575.0,5.4680601411351315,8.428361977709622,27
270,278,34.0,659.7592592592592,1836.0,35627.0,7.515344571180436,10.480859056346018,27
271,279,18.15,356.4,363.0,7128.0,5.8944028342648505,8.871785969150645,27
272,280,19.653846153846153,374.2692307692308,511.0,9731.0,6.236369590203704,9.18307194482199,27
273,281,16.9,352.45,338.0,7049.0,5.823045895483019,8.860641041773876,27
274,282,5.7368421052631575,1254.157894736842,327.0,71487.0,5.7899601708972535,11.177270893969352,27
275,283,57.11538461538461,953.8076923076923,4455.0,74397.0,8.40178233990491,11.217170897427561,27
276,284,9.5,218.55555555555554,171.0,3934.0,5.14166355650266,8.277411998949004,27
277,285,29.444444444444443,802.3333333333334,265.0,7221.0,5.579729825986222,8.884748726451182,27
278,286,13.631578947368421,283.2631578947368,259.0,5382.0,5.556828061699537,8.590815331286851,27
279,287,10.2,177.0,102.0,1770.0,4.624972813284271,7.478734825567875,27
280,288,0.9,275.2,9.0,2752.0,2.1972245773362196,7.920083199053234,27
281,290,9.052631578947368,163.89473684210526,172.0,3114.0,5.147494476813453,8.043663352393944,27
282,291,21.457142857142856,386.62857142857143,751.0,13532.0,6.621405651764134,9.512812529900598,27
283,292,0.25,244.0,2.0,1952.0,0.6931471805599453,7.5766097669730375,27
284,294,17.08823529411765,387.0882352941176,581.0,13161.0,6.364750756851911,9.485013189834323,27
285,295,22.34375,318.78125,715.0,10201.0,6.5722825426940075,9.23024103368252,27
286,296,15.68421052631579,437.1842105263158,596.0,16613.0,6.39024066706535,9.71794080038648,27
287,297,7.647058823529412,188.76470588235293,130.0,3209.0,4.867534450455582,8.073714641109857,27
288,298,7.375,280.25,59.0,2242.0,4.07753744390572,7.715123603632105,27
289,299,20.5,351.5625,656.0,11250.0,6.486160788944089,9.328123407632566,27
290,300,14.96551724137931,472.2068965517241,434.0,13694.0,6.073044534100405,9.524713059681009,27
291,301,21.6875,350.75,694.0,11224.0,6.542471960506805,9.325809621782296,27
292,302,10.708333333333334,255.16666666666666,257.0,6124.0,5.54907608489522,8.719970756777574,27
293,303,6.833333333333333,176.83333333333334,82.0,2122.0,4.406719247264253,7.660114319173928,27
294,305,14.692307692307692,358.15384615384613,382.0,9312.0,5.945420608606575,9.139059169971219,27
295,306,1.125,157.75,9.0,1262.0,2.1972245773362196,7.140453043101158,27
296,307,24.903225806451612,499.35483870967744,772.0,15480.0,6.648984550024776,9.647304147143718,27
297,308,18.178571428571427,403.7857142857143,508.99999999999994,11306.0,6.2324480165505225,9.333088837235236,27
298,309,6.6,160.2,66.0,1602.0,4.189654742026425,7.379008127628304,27
299,310,27.555555555555557,809.8333333333334,992.0,29154.0,6.899723107284872,10.280347403633957,27
300,311,6.833333333333333,122.0,82.0,1464.0,4.406719247264253,7.288927694521257,27
301,312,16.066666666666666,249.8,482.0,7494.0,6.1779441140506,8.921857979353632,27
302,313,18.5,456.6666666666667,444.0,10960.0,6.095824562432225,9.302007560502007,27
303,314,7.7727272727272725,330.59090909090907,171.0,7272.999999999999,5.14166355650266,8.89192414015454,27
304,315,7.290322580645161,856.0322580645161,226.0,26537.0,5.420534999272286,10.186295264571648,27
305,316,14.052631578947368,255.3684210526316,267.0,4852.0,5.58724865840025,8.48714627006394,27
306,317,9.142857142857142,215.64285714285714,128.0,3019.0,4.852030263919617,8.012680929706839,27
307,318,19.26923076923077,156.30769230769232,501.0,4064.0000000000005,6.2166061010848646,8.309922989258318,27
308,319,9.5,201.75,76.0,1614.0,4.330733340286331,7.3864708488298945,27
309,320,13.444444444444445,215.62962962962962,363.0,5822.0,5.8944028342648505,8.669399124305569,27
310,321,21.75,396.0357142857143,609.0,11089.0,6.411818267709897,9.313708904953216,27
311,322,8.578947368421053,196.3684210526316,163.0,3731.0,5.093750200806762,8.224431573221159,27
312,323,0.8571428571428571,755.3428571428572,30.0,26437.0,3.4011973816621555,10.18251982308024,27
313,324,9.08108108108108,949.2162162162163,336.0,35121.0,5.817111159963204,10.466554521147781,27
314,325,12.117647058823529,48.23529411764706,206.0,820.0,5.327876168789581,6.709304340258298,27
315,326,9.772727272727273,311.72727272727275,215.0,6858.0,5.3706380281276624,8.833171133022866,27
316,327,7.5,218.0,75.0,2180.0,4.31748811353631,7.687080155783135,27
317,328,24.233333333333334,357.43333333333334,727.0,10723.0,6.588926477533519,9.280146246220145,27
318,329,11.5,231.66666666666666,138.0,2780.0,4.927253685157205,7.930206206684683,27
319,330,8.529411764705882,182.76470588235293,145.0,3107.0,4.976733742420574,8.041412909393047,27
320,331,17.90909090909091,434.27272727272725,394.0,9554.0,5.976350909297934,9.164715193949908,27
321,333,6.842105263157895,161.21052631578948,130.0,3063.0,4.867534450455582,8.027150106832774,27
322,334,26.3,571.6,526.0,11432.0,6.26530121273771,9.344171719609703,27
323,335,0.35714285714285715,254.71428571428572,5.0,3566.0,1.6094379124341003,8.179199798423086,27
324,336,3.5,240.125,28.0,1921.0,3.332204510175204,7.560601162768557,27
325,337,56.84285714285714,1143.5714285714287,3979.0,80050.0,8.288785810426928,11.29040671842486,27
326,338,11.363636363636363,207.22727272727272,250.0,4559.0,5.521460917862246,8.424858580213442,27
327,340,8.2,149.7,164.0,2994.0,5.099866427824199,8.004365564979574,27
328,341,12.76,170.32,319.0,4258.0,5.765191102784844,8.356554845453426,27
329,342,18.82051282051282,776.9230769230769,734.0,30300.0,6.598509028614515,10.31890299149746,27
330,344,9.714285714285714,171.04761904761904,203.99999999999997,3592.0,5.318119993844216,8.18646442942209,27
331,345,9.37037037037037,300.9259259259259,253.0,8125.0,5.53338948872752,9.002701007197938,27
332,346,2.8518518518518516,303.037037037037,77.0,8181.999999999999,4.343805421853684,9.009691898489343,27
333,347,9.166666666666666,155.91666666666666,110.0,1871.0,4.700480365792417,7.534228326274089,27
334,349,6.25,32.666666666666664,75.0,392.0,4.31748811353631,5.971261839790462,27
335,350,27.52777777777778,510.0,991.0,18360.0,6.898714534329988,9.817929664174482,27
336,351,5.7,361.3,57.0,3613.0,4.04305126783455,8.19229373114764,27
337,352,7.352941176470588,262.2352941176471,125.0,4458.0,4.8283137373023015,8.402455513945814,27
338,353,2.2857142857142856,210.85714285714286,32.0,2952.0,3.4657359027997265,7.990238185720363,27
339,354,22.795454545454547,1070.4545454545455,1003.0,47100.0,6.910750787961936,10.760028280004509,27
340,355,7.266666666666667,220.4,109.0,3306.0,4.6913478822291435,8.10349427838097,27
341,356,7.75,150.625,62.0,1205.0,4.127134385045092,7.094234845924755,27
342,357,16.318181818181817,152.0909090909091,358.99999999999994,3346.0,5.883322388488279,8.11552088154677,27
343,358,0.125,152.875,1.0,1223.0,0.0,7.109062135687172,27
344,359,17.652173913043477,321.69565217391306,405.99999999999994,7399.0,6.0063531596017325,8.90910013492555,27
345,360,0.8888888888888888,126.55555555555556,8.0,1139.0,2.0794415416798357,7.037905963447182,27
346,361,3.0,285.75,36.0,3429.0,3.58351893845611,8.14002395246292,27
347,362,9.523809523809524,249.33333333333334,200.0,5236.0,5.298317366548036,8.56331312702979,27
348,363,0.32653061224489793,987.8775510204082,15.999999999999998,48406.0,2.772588722239781,10.787379051963605,27
349,364,7.9375,87.1875,127.0,1395.0,4.844187086458591,7.240649694255466,27
350,366,11.52,262.72,288.0,6568.000000000001,5.662960480135946,8.789964651132264,27
351,368,7.428571428571429,77.42857142857143,104.0,1084.0,4.6443908991413725,6.988413181999592,27
352,369,11.181818181818182,205.1818181818182,246.0,4514.0,5.5053315359323625,8.414938957377482,27
353,370,19.625,439.96875,628.0,14079.0,6.4425401664681985,9.552439604462528,27
354,371,8.4,260.75,168.0,5215.0,5.123963979403259,8.559294367434873,27
355,372,2.9375,906.75,94.0,29016.0,4.543294782270004,10.275602680962738,27
356,373,7.4,154.9,74.0,1549.0,4.30406509320417,7.3453648404168685,27
357,374,5.923076923076923,142.0,77.0,1846.0,4.343805421853684,7.520776415062797,27
358,375,13.642857142857142,220.75,382.0,6181.0,5.945420608606575,8.729235349659273,27
359,376,10.2,226.75,204.0,4535.0,5.318119993844216,8.419580362549237,27
360,377,7.631578947368421,269.2105263157895,145.0,5115.0,4.976733742420574,8.539932678385727,27
361,378,11.695652173913043,259.60869565217394,269.0,5971.000000000001,5.594711379601839,8.694669696546992,27
362,379,8.578947368421053,128.31578947368422,163.0,2438.0,5.093750200806762,7.798933310041217,27
363,380,18.09375,320.0,579.0,10240.0,6.361302477572996,9.234056898593499,27
364,381,1.4736842105263157,424.1578947368421,28.0,8059.0,3.332204510175204,8.994544758324512,27
365,382,0.5294117647058824,634.8823529411765,18.0,21586.0,2.8903717578961645,9.97980023538529,27
366,383,11.764705882352942,280.94117647058823,200.0,4776.0,5.298317366548036,8.471358655072438,27
367,384,1.2,592.1,24.0,11842.0,3.1780538303479458,9.37940781309172,27
368,385,20.6,350.84,515.0,8771.0,6.244166900663736,9.079206103951382,27
369,386,10.9,240.25,218.0,4805.0,5.384495062789089,8.477412321404392,27
370,387,4.166666666666667,155.16666666666666,50.0,1862.0,3.912023005428146,7.529406457837013,27
371,388,1.375,197.625,11.0,1581.0,2.3978952727983707,7.365812837209472,27
372,389,15.785714285714286,108.46428571428571,442.0,3037.0,6.091309882077698,8.01862546504575,27
373,390,27.75,808.8,1110.0,32352.0,7.01211529430638,10.384431121820198,27
374,391,8.0,398.55,160.0,7971.0,5.075173815233827,8.983565234427923,27
375,392,8.363636363636363,283.27272727272725,184.0,6232.0,5.214935757608986,8.737452587550584,27
376,393,1.4166666666666667,145.75,17.0,1749.0,2.833213344056216,7.466799475018602,27
377,394,11.375,314.2083333333333,273.0,7541.0,5.60947179518496,8.928110078202646,27
378,395,8.25,80.4375,132.0,1287.0,4.882801922586371,7.160069207596127,27
379,396,5.96,409.2,149.0,10230.0,5.003946305945459,9.233079858945672,27
380,397,13.48,262.08,337.0,6552.0,5.820082930352362,8.787525625532906,27
381,398,7.117647058823529,194.52941176470588,121.0,3307.0,4.795790545596741,8.103796712981794,27
382,399,7.588235294117647,160.0,129.0,2720.0,4.859812404361672,7.908387159290043,27
383,400,19.21212121212121,480.6969696969697,634.0,15863.0,6.452048954437226,9.671744632408455,27
384,402,18.0,381.16,450.0,9529.0,6.1092475827643655,9.162095059348188,27
385,403,13.95,333.9,279.0,6678.0,5.631211781821365,8.8065738205036,27
386,404,8.058823529411764,228.41176470588235,137.0,3883.0,4.919980925828125,8.264363329731667,27
387,405,5.4,160.4,54.0,1604.0,3.9889840465642745,7.38025578842646,27
388,406,13.923076923076923,423.34615384615387,362.0,11007.0,5.8916442118257715,9.306286713023391,27
389,407,16.90909090909091,288.27272727272725,372.0,6342.0,5.918893854273146,8.754949455098293,27
390,408,12.590909090909092,227.5909090909091,277.0,5007.0,5.6240175061873385,8.518592212329946,27
391,409,34.6530612244898,751.8979591836735,1698.0,36843.0,7.437206366871292,10.514420920278495,27
392,410,10.785714285714286,132.42857142857142,151.0,1853.9999999999998,5.017279836814924,7.5251007461258,27
393,411,11.75,257.65,235.0,5153.0,5.459585514144159,8.547334348328224,27
394,412,11.266666666666667,303.73333333333335,338.0,9112.0,5.823045895483019,9.117347505127018,27
395,413,9.318181818181818,169.0,205.0,3718.0,5.3230099791384085,8.220941168281389,27
396,415,22.692307692307693,403.5769230769231,590.0,10493.0,6.380122536899765,9.25846364715791,27
397,416,5.625,182.125,45.0,1457.0,3.8066624897703196,7.284134806195205,27
398,417,13.807692307692308,291.53846153846155,359.0,7580.0,5.883322388488279,8.933268478636418,27
399,418,3.5,145.8,35.0,1458.0,3.5553480614894135,7.284820912568604,27
400,419,9.5,96.33333333333333,114.0,1156.0,4.736198448394496,7.052721049232323,27
401,420,10.5,252.75,84.0,2022.0,4.430816798843313,7.611842399580417,27
402,421,15.692307692307692,268.7692307692308,408.0,6988.0,6.0112671744041615,8.851949671253948,27
403,422,0.625,318.125,10.0,5090.0,2.302585092994046,8.53503310954457,27
404,423,1.0,506.4,15.0,7596.0,2.70805020110221,8.935377071932177,27
405,424,6.708333333333333,387.875,161.0,9309.0,5.081404364984463,9.13873695311649,27
406,425,1.3666666666666667,781.9666666666667,41.0,23459.0,3.713572066704308,10.063009495553013,27
407,426,1.2352941176470589,437.5882352941176,21.0,7439.0,3.044522437723423,8.914491710191342,27
408,427,0.75,226.25,6.0,1810.0,1.791759469228055,7.501082124259871,27
409,428,8.565217391304348,164.7826086956522,197.0,3790.0000000000005,5.2832037287379885,8.240121298076472,27
410,429,0.7857142857142857,537.2142857142857,11.0,7520.999999999999,2.3978952727983707,8.925454386826402,27
411,430,21.6734693877551,458.7755102040816,1062.0,22480.0,6.967909201801884,10.020381304007627,27
412,431,0.4,343.9,4.0,3439.0,1.3862943611198906,8.142936010432265,27
413,432,0.9166666666666666,300.3333333333333,11.0,3604.0,2.3978952727983707,8.189799618728228,27
414,433,1.0,310.25,12.0,3723.0,2.4849066497880004,8.222285073872717,27
415,434,6.875,64.5,55.0,516.0,4.007333185232471,6.246106765481563,27
416,435,17.482758620689655,341.17241379310343,507.0,9894.0,6.2285110035911835,9.199683791787654,27
417,436,6.454545454545454,268.22727272727275,142.0,5901.0,4.955827057601261,8.682877107057168,27
418,437,0.625,223.25,5.0,1786.0,1.6094379124341003,7.487733761436444,27
419,438,0.25,300.4166666666667,3.0,3605.0,1.0986122886681098,8.190077049719049,27
420,439,1.3529411764705883,412.47058823529414,23.0,7012.0,3.1354942159291497,8.855378246041125,27
421,440,19.27777777777778,541.3333333333334,694.0,19488.0,6.542471960506805,9.877554170509624,27
422,441,0.9333333333333333,499.26666666666665,28.0,14978.0,3.332204510175204,9.614337736809313,27
423,442,0.8181818181818182,513.0454545454545,18.0,11287.0,2.8903717578961645,9.331406899955626,27
424,443,0.6666666666666666,339.9166666666667,8.0,4079.0,2.0794415416798357,8.313607139317558,27
425,444,0.9230769230769231,200.53846153846155,12.0,2607.0,2.4849066497880004,7.865955413933502,27
426,445,1.0952380952380953,539.4285714285714,23.000000000000004,11328.0,3.1354942159291497,9.3350328159335,27
427,446,0.35294117647058826,338.2352941176471,6.0,5750.0,1.791759469228055,8.656955133791396,27
428,447,0.375,141.5,3.0,1132.0,1.0986122886681098,7.0317412587631285,27
429,448,1.0625,383.375,17.0,6134.0,2.833213344056216,8.721602344674197,27
430,449,8.85,286.35,177.0,5727.0,5.176149732573829,8.652947112393857,27
431,450,10.73076923076923,327.34615384615387,279.0,8511.0,5.631211781821365,9.049114723476961,27
432,451,41.18181818181818,1015.7272727272727,2265.0,55865.0,7.725330037917135,10.930693344981439,27
433,452,0.5833333333333334,261.1666666666667,7.0,3134.0,1.9459101490553132,8.050065422915965,27
434,453,12.875,263.9166666666667,309.0,6334.0,5.733341276897746,8.753687227098585,27
435,454,14.592592592592593,304.18518518518516,394.0,8213.0,5.976350909297934,9.013473543740192,27
436,455,0.625,302.0,10.0,4832.0,2.302585092994046,8.48301573961465,27
437,456,0.08333333333333333,219.75,1.0,2637.0,0.0,7.877397186353287,27
438,457,35.189189189189186,680.972972972973,1301.9999999999998,25196.000000000004,7.171656822768514,10.13444053074182,27
439,458,36.19512195121951,680.219512195122,1484.0,27889.0,7.302496423727326,10.23598762483351,27
440,459,20.076923076923077,394.8076923076923,522.0,10265.0,6.257667587882639,9.236495329453033,27
441,460,12.7,206.1,254.0,4122.0,5.537334267018537,8.324093761450404,27
442,461,22.47222222222222,499.1111111111111,809.0,17968.0,6.695798917058491,9.796347676978224,27
443,462,25.214285714285715,544.9642857142857,706.0,15258.999999999998,6.559615237493242,9.632924771891735,27
444,463,7.592592592592593,653.1111111111111,205.0,17634.0,5.3230099791384085,9.777584135646972,27
445,464,17.186046511627907,453.2093023255814,739.0,19488.0,6.6052979209482015,9.877554170509624,27
446,465,0.7058823529411765,352.29411764705884,12.0,5989.0,2.4849066497880004,8.697679732264463,27
447,466,10.625,204.33333333333334,255.0,4904.0,5.541263545158426,8.497806477616047,27
448,467,0.125,240.0,1.0,1920.0,0.0,7.560080465021827,27
449,468,0.75,151.16666666666666,9.0,1814.0,2.1972245773362196,7.503289630675082,27
450,470,10.5,233.75,126.0,2805.0,4.836281906951478,7.9391588179567965,27
451,471,21.675,481.45,867.0,19258.0,6.7650389767805414,9.86568183780023,27
452,472,0.5294117647058824,285.94117647058823,9.0,4861.0,2.1972245773362196,8.488999457045455,27
454,474,6.75,85.875,54.0,687.0,3.9889840465642745,6.532334292222349,27
455,476,10.363636363636363,247.4090909090909,228.0,5443.0,5.429345628954441,8.6020856584342,27
456,477,7.7,203.25,154.0,4065.0,5.0369526024136295,8.310169021981912,27
457,478,0.11764705882352941,296.29411764705884,2.0,5037.0,0.6931471805599453,8.52456594574565,27
458,479,0.8333333333333334,237.0,10.0,2844.0,2.302585092994046,7.952966790923131,27
459,480,12.25,215.125,98.0,1721.0,4.584967478670572,7.450660796211539,27
460,482,19.307692307692307,408.0,502.0,10608.0,6.218600119691729,9.269363712425644,27
461,483,0.8823529411764706,404.6470588235294,15.0,6879.0,2.70805020110221,8.836228571526014,27
462,484,0.125,305.25,1.0,2442.0,0.0,7.80057265467065,27
463,485,12.5,197.15,250.0,3943.0,5.521460917862246,8.279697133877628,27
464,486,5.916666666666667,220.83333333333334,71.0,2650.0,4.2626798770413155,7.882314918980268,27
465,487,0.125,225.75,1.0,1806.0,0.0,7.498869733976931,27
466,488,0.875,402.4375,14.0,6439.0,2.6390573296152584,8.770128527538184,27
467,489,0.8125,268.75,13.0,4300.0,2.5649493574615367,8.366370301681654,27
468,490,10.944444444444445,195.38888888888889,197.0,3517.0,5.2832037287379885,8.165363632473982,27
469,492,0.6,246.6,6.0,2466.0,1.791759469228055,7.81035268372429,27
470,494,10.5,59.5,21.0,119.0,3.044522437723423,4.77912349311153,27
471,495,60.957142857142856,1269.1,4267.0,88837.0,8.358666283188,11.394558508865478,27
472,496,3.789473684210526,486.57894736842104,72.0,9245.0,4.276666119016055,9.131838143821225,27
473,497,0.6,338.3,6.0,3383.0,1.791759469228055,8.12651816878071,27
474,498,1.1153846153846154,431.5,29.0,11219.0,3.367295829986474,9.325364048544964,27
475,499,3.5,222.16666666666666,42.0,2666.0,3.7376696182833684,7.888334500738654,27
476,500,1.0833333333333333,338.1666666666667,13.0,4058.0,2.5649493574615367,8.30844552038576,27
477,501,0.875,377.0625,14.0,6033.0,2.6390573296152584,8.704999678440762,27
478,503,14.619047619047619,148.33333333333334,307.0,3115.0,5.726847747587197,8.043984431221553,27
479,504,0.8636363636363636,423.90909090909093,19.0,9326.0,2.9444389791664403,9.140561477368266,27
480,505,26.0,521.3421052631579,988.0,19811.0,6.895682697747868,9.893992617974327,27
481,509,0.5825242718446602,1902.0582524271845,59.99999999999999,195912.0,4.0943445622221,12.185420857799302,27
482,510,27.225,838.825,1089.0,33553.0,6.9930151229329605,10.42088155718015,27
483,511,1.125,464.875,9.0,3719.0,2.1972245773362196,8.22121009392507,27
484,512,58.37179487179487,1245.0128205128206,4553.0,97111.0,8.423541635334782,11.483609933136039,27
485,513,5.0,31.0,5.0,31.0,1.6094379124341003,3.4339872044851463,27
486,514,19.964285714285715,341.0357142857143,559.0,9549.0,6.326149473155099,9.164191715950203,27
487,515,9.058823529411764,18.0,154.0,306.0,5.0369526024136295,5.723585101952381,27
488,516,0.375,299.875,3.0,2399.0,1.0986122886681098,7.782807262839695,27
489,517,2.8125,1406.75,90.0,45016.0,4.499809670330265,10.714773261113114,27
490,518,23.0,574.2380952380952,483.0,12058.999999999998,6.180016653652572,9.397566548103592,27
491,519,34.5,697.0833333333334,414.0,8365.0,6.025865973825314,9.031811613420924,27
492,520,19.454545454545453,448.40909090909093,428.0,9865.0,6.059123195581797,9.196748418456716,27
493,521,14.625,426.0,117.0,3408.0,4.762173934797756,8.133880887949207,27
494,522,38.303030303030305,950.3939393939394,1264.0,31363.0,7.142036574706803,10.353384133154211,27
495,523,0.06521739130434782,1117.2608695652175,3.0,51394.00000000001,1.0986122886681098,10.847276713112093,27
496,524,16.823529411764707,385.1764705882353,286.0,6548.0,5.655991810819852,8.786914938491025,27
497,525,30.46153846153846,588.5641025641025,1188.0,22954.0,7.080026499922591,10.041247492240613,27
498,526,30.46875,675.65625,975.0,21621.0,6.882437470997847,9.98142034359255,27
499,527,0.7333333333333333,234.26666666666668,11.0,3514.0,2.3978952727983707,8.164510268747042,27
500,528,39.64102564102564,806.1282051282051,1546.0,31439.0,7.343426229147367,10.355804439421526,27
501,529,24.90909090909091,628.7727272727273,548.0,13833.0,6.306275286948016,9.534812320874815,27
502,530,27.92,727.84,698.0,18196.0,6.548219102762372,9.808957068689894,27
503,531,22.35483870967742,451.06451612903226,693.0,13983.0,6.541029999189903,9.54559758504085,27
504,532,37.30769230769231,706.0384615384615,970.0,18357.0,6.877296071497429,9.81776625213065,27
505,533,13.875,280.0,111.0,2240.0,4.709530201312334,7.7142311448490855,27
506,534,8.071428571428571,847.8928571428571,226.0,23741.0,5.420534999272286,10.074958790275668,27
507,535,13.0,246.875,208.0,3950.0,5.337538079701318,8.281470857895167,27
508,537,21.457142857142856,516.2857142857143,751.0,18070.0,6.621405651764134,9.802008383586275,27
509,538,16.75,296.4375,268.0,4743.0,5.5909869805108565,8.464425125877582,27
510,539,22.923076923076923,200.1153846153846,596.0,5203.0,6.39024066706535,8.556990661290303,27
511,540,10.2,320.3,102.0,3203.0,4.624972813284271,8.071843149609158,27
512,541,23.705882352941178,454.52941176470586,403.0,7727.0,5.998936561946683,8.952475967933584,27
513,542,15.25,231.125,122.0,1849.0,4.804021044733257,7.522400231387125,27
514,543,21.357142857142858,364.7857142857143,299.0,5107.0,5.700443573390687,8.538367426647644,27
515,544,24.045454545454547,609.5909090909091,529.0,13411.0,6.270988431858299,9.50383054471094,27
516,545,9.416666666666666,205.58333333333334,113.0,2467.0,4.727387818712341,7.810758116529357,27
517,546,29.386363636363637,965.9090909090909,1293.0,42500.0,7.164720378771857,10.657259354912508,27
518,547,13.2,327.3,132.0,3273.0,4.882801922586371,8.09346227450118,27
519,548,12.0,227.83333333333334,144.0,2734.0,4.969813299576001,7.913521017283895,27
520,549,23.571428571428573,488.8095238095238,495.00000000000006,10265.0,6.20455776256869,9.236495329453033,27
521,550,28.25,372.1,565.0,7442.0,6.336825731146441,8.914894908906568,27
522,551,9.0,358.7142857142857,126.0,5022.0,4.836281906951478,8.52158353971753,27
523,552,8.25,245.66666666666666,99.0,2948.0,4.59511985013459,7.988882253309227,27
524,553,28.833333333333332,599.3333333333334,692.0,14384.0,6.539585955617669,9.573871756711402,27
525,554,20.375,422.9375,326.0,6767.0,5.786897381366708,8.819813136232225,27
526,555,26.88235294117647,650.1176470588235,457.0,11052.0,6.124683390894205,9.310366686043308,27
527,556,20.705882352941178,573.8823529411765,352.0,9756.0,5.863631175598097,9.18563775933581,27
528,558,22.933333333333334,521.4666666666667,344.0,7822.0,5.840641657373398,8.96469555531546,27
529,559,24.125,425.375,193.0,3403.0,5.262690188904886,8.132412674500905,27
530,560,11.863636363636363,366.04545454545456,261.0,8053.0,5.564520407322694,8.993799971795545,27
531,561,33.69444444444444,976.4722222222222,1213.0,35153.0,7.10085190894405,10.467465242103236,27
532,562,18.0,743.8571428571429,504.0,20828.0,6.222576268071369,9.944053514282789,27
533,563,22.666666666666668,411.5,272.0,4938.0,5.605802066295998,8.504715669905124,27
534,564,2.9,216.1,29.0,2161.0,3.367295829986474,7.6783263565068856,27
535,565,30.291666666666668,466.5,727.0,11196.0,6.588926477533519,9.323311850635344,27
536,566,25.692307692307693,513.6153846153846,668.0,13354.0,6.504288173536645,9.499571244417814,27
537,567,42.58536585365854,773.4146341463414,1746.0,31710.0,7.465082736399547,10.364387367532393,27
538,568,29.129032258064516,720.3870967741935,903.0,22332.0,6.805722553416985,10.01377590643025,27
539,569,24.9,456.5,249.0,4565.0,5.517452896464707,8.426173793029069,27
540,570,22.85,533.95,457.0,10679.0,6.124683390894205,9.276034475171546,27
541,571,6.777777777777778,189.22222222222223,61.0,1703.0,4.110873864173311,7.440146680662688,27
542,572,20.03846153846154,379.5769230769231,521.0,9869.0,6.255750041753367,9.197153810172008,27
543,573,29.166666666666668,651.5,350.0,7818.0,5.857933154483459,8.9641840463529,27
544,574,18.8,269.8,94.0,1349.0,4.543294782270004,7.207118856207756,27
545,576,33.7,688.45,674.0,13769.0,6.513230110912307,9.530174967444372,27
546,577,27.814814814814813,503.3333333333333,751.0,13590.0,6.621405651764134,9.51708950714519,27
547,578,28.666666666666668,791.625,688.0,18999.0,6.5337888379333435,9.85214162518454,27
548,579,81.96296296296296,1748.7037037037037,6639.0,141645.0,8.80071662871916,11.861079206365279,27
549,580,17.470588235294116,310.8235294117647,297.0,5284.0,5.6937321388027,8.572438665642215,27
550,581,39.516129032258064,734.1935483870968,1225.0,22760.0,7.110696122978827,10.032759888240268,27
551,582,9.5,126.5,57.0,759.0,4.04305126783455,6.63200177739563,27
552,583,13.869565217391305,196.95652173913044,319.0,4530.0,5.765191102784844,8.41847721847708,27
553,584,3.4545454545454546,290.0,38.0,3190.0,3.6375861597263857,8.06777619577889,27
554,585,23.59090909090909,476.72727272727275,519.0,10488.0,6.251903883165888,9.257987025443535,27
555,586,36.78260869565217,690.5652173913044,846.0,15883.0,6.740519359606223,9.673004633835156,27
556,587,9.916666666666666,163.58333333333334,119.0,1963.0,4.77912349311153,7.5822291942764615,27
557,588,37.854166666666664,218.33333333333334,1817.0,10480.0,7.504942068396171,9.257223957875032,27
558,589,14.1,418.1,282.0,8362.0,5.641907070938114,9.03145291191651,27
559,590,15.807692307692308,288.9230769230769,411.0,7512.0,6.018593214496234,8.9242570208881,27
560,591,13.65,305.9,273.0,6118.0,5.60947179518496,8.718990524710849,27
561,592,23.166666666666668,389.5,417.0,7011.0,6.0330862217988015,8.855235623206967,27
562,594,23.75,269.95,475.0,5399.0,6.163314804034641,8.593969030218288,27
563,595,8.625,67.125,69.0,537.0,4.23410650459726,6.285998094508865,27
564,596,8.25,97.0,99.0,1164.0,4.59511985013459,7.059617628291383,27
565,597,25.84375,604.28125,827.0,19337.0,6.717804695023691,9.869775638050593,27
566,599,1.0,329.0,4.0,1316.0,1.3862943611198906,7.182352111885263,27
567,600,0.875,2354.484375,56.0,150687.0,4.02535169073515,11.922960116792762,27
568,601,8.0,259.0625,128.0,4145.0,4.852030263919617,8.329658067569396,27
569,602,10.681818181818182,241.04545454545453,235.0,5303.0,5.459585514144159,8.57602797713713,27
570,603,12.28,150.4,307.0,3760.0,5.726847747587197,8.23217423638394,27
571,604,2.3333333333333335,71.33333333333333,14.0,428.0,2.6390573296152584,6.059123195581797,27
