,label,Unedited mean intensity,Edited mean intensity,Unedited sum intensity,Edited sum intensity,ln(intensity) of unedited probe,ln(intensity) of edited probe,position
0,1,328.1,145.3,3281.0,1453.0,8.0959035329611,7.2813856635702825,25
1,3,87.6842105263158,608.7368421052631,1666.0,11566.0,7.418180822726788,9.355825038718164,25
2,4,154.0,685.5,1540.0,6855.0,7.3395376954076745,8.832733591996416,25
3,5,12.235294117647058,382.1764705882353,208.0,6497.0,5.337538079701318,8.77909581088053,25
4,6,30.833333333333332,957.25,740.0,22974.0,6.606650186198215,10.04211842070535,25
5,7,22.59090909090909,714.0,497.0,15708.0,6.208590026096629,9.661925415697901,25
6,8,31.25,618.4166666666666,375.0,7421.0,5.926926025970411,8.912069097970134,25
7,9,20.70967741935484,815.3870967741935,642.0,25277.0,6.464588303689961,10.13765017033277,25
8,10,147.14285714285714,1115.5714285714287,3090.0,23427.000000000004,8.035926369891792,10.061644482330784,25
9,11,167.69230769230768,517.3076923076923,2180.0,6724.999999999999,7.687080155783135,8.81358720447004,25
10,12,50.31707317073171,857.3414634146342,2063.0,35151.0,7.631916513071252,10.467408346336265,25
11,13,174.60526315789474,1266.9736842105262,6635.0,48145.0,8.800113946766308,10.781972569674384,25
12,15,43.0,613.2941176470588,731.0,10426.0,6.594413459749778,9.252057965328051,25
13,16,79.8252427184466,2135.1650485436894,8222.0,219922.0,9.014568767457824,12.301028217013855,25
14,17,299.6666666666667,556.4166666666666,3596.0,6677.0,8.18757739559151,8.806424063857868,25
15,18,65.82142857142857,969.0357142857143,1843.0,27133.0,7.519149957669823,10.208505978234776,25
16,20,181.92592592592592,1870.111111111111,4912.0,50493.0,8.499436469826978,10.829589991794276,25
17,21,40.46666666666667,465.3333333333333,607.0,6980.0,6.408528791059498,8.850804195756417,25
18,22,31.208333333333332,1273.1875,1498.0,61113.0,7.311886164077165,11.020479888485667,25
19,23,71.11111111111111,494.6666666666667,1280.0,8904.0,7.154615356913663,9.094255892955381,25
20,24,227.70642201834863,3648.256880733945,24820.0,397660.0,10.119405058758598,12.893352647812073,25
21,25,44.333333333333336,670.5416666666666,1064.0,16093.0,6.96979066990159,9.686139673818495,25
22,26,39.1,479.3,782.0,9586.0,6.661854740545311,9.168058979719577,25
23,27,94.10526315789474,866.8947368421053,1788.0,16471.0,7.488852955733459,9.709356537782675,25
24,28,234.625,211.5,3754.0,3384.0,8.230577217146454,8.126813720726114,25
25,29,294.5,438.2,2945.0,4382.0,7.987864096085687,8.385260520155413,25
26,30,187.73333333333332,389.4,2816.0,5841.0,7.943072717277933,8.67265729404031,25
27,31,8.210526315789474,626.9473684210526,156.0,11912.0,5.049856007249537,9.385301574363845,25
28,32,23.115384615384617,908.5384615384615,601.0,23622.0,6.398594934535208,10.069933760171793,25
29,33,27.26923076923077,571.6923076923077,709.0,14864.000000000002,6.5638555265321274,9.60669746105362,25
30,34,69.54166666666667,839.0416666666666,3338.0,40274.0,8.11312710422178,10.60346137843835,25
31,35,54.51282051282051,1063.4615384615386,2126.0,41475.00000000001,7.661997558901893,10.632846115058646,25
32,36,59.6,229.0,894.0,3435.0,6.795705775173514,8.14177220465645,25
33,37,170.0,272.625,1360.0,2181.0,7.215239978730097,7.687538766201629,25
34,38,55.0,404.22222222222223,495.0,3638.0,6.20455776256869,8.199189359078067,25
35,40,697.9666666666667,904.7,20939.0,27141.0,9.949368727792317,10.20880077869385,25
36,41,477.17857142857144,619.0714285714286,13361.0,17334.0,9.500095294588894,9.76042516969429,25
37,42,314.1,291.1,3141.0,2911.0,8.052296499538647,7.976251943745623,25
38,43,768.75,664.25,18450.0,15942.0,9.822819649468673,9.676712414987868,25
39,44,349.875,151.375,2799.0,1211.0,7.937017489515454,7.099201743553092,25
40,45,1099.875,642.5833333333334,26397.0,15422.0,10.18100564631367,9.643550340392906,25
41,46,669.7894736842105,486.63157894736844,12726.0,9246.0,9.451402423792738,9.13194630454817,25
42,47,616.9642857142857,584.7857142857143,17275.0,16374.000000000002,9.757015648635871,9.703449989936393,25
43,49,208.21428571428572,407.92857142857144,2915.0,5711.0,7.977625098784593,8.650149418664864,25
44,50,1300.6046511627908,1167.9302325581396,55926.00000000001,50221.0,10.931784667289213,10.824188544898831,25
45,51,483.5652173913044,537.2608695652174,11122.0,12357.0,9.316680407747508,9.42197798310419,25
46,52,591.1333333333333,927.5333333333333,17734.0,27826.0,9.783238979939952,10.233726114401822,25
47,53,1705.1,9.4,34102.0,188.0,10.437111312578097,5.236441962829949,25
48,56,785.7142857142857,814.7142857142857,22000.0,22812.0,9.998797732340453,10.03504199227643,25
49,59,680.0909090909091,574.2272727272727,14962.0,12633.0,9.61326893243235,9.444067716830038,25
50,60,1182.578947368421,881.6842105263158,44938.0,33504.0,10.713039040966176,10.419420113670263,25
51,61,301.0833333333333,63.916666666666664,3613.0,767.0,8.19229373114764,6.642486801367256,25
52,62,100.8,877.3333333333334,3024.0,26320.0,8.014335737299424,10.178084385439254,25
53,67,16.580645161290324,1027.3548387096773,514.0,31847.999999999996,6.2422232654551655,10.368729864680153,25
54,69,36.03225806451613,1205.0,1117.0,37355.0,7.018401799069201,10.528222050409902,25
55,70,402.45454545454544,414.45454545454544,8854.0,9118.0,9.088624613292087,9.118005760773388,25
56,71,47.0,725.6470588235294,799.0,12336.0,6.683360945766275,9.42027709580311,25
57,72,59.083333333333336,539.5833333333334,709.0,6475.0,6.5638555265321274,8.775703886567738,25
58,73,26.96551724137931,799.9655172413793,782.0,23199.0,6.661854740545311,10.051864453277146,25
59,74,77.61111111111111,710.7222222222222,1397.0,12793.0,7.242082359256962,9.456653425317034,25
60,75,70.8125,794.6875,1133.0,12715.0,7.0326242610280065,9.45053767785622,25
61,76,1317.325,801.05,52693.0,32042.0,10.872237898382645,10.374802821206659,25
62,77,123.78571428571429,429.14285714285717,1733.0,6008.0,7.457609289715606,8.700847193443972,25
63,78,92.34615384615384,1205.6923076923076,2401.0,31348.0,7.783640596221253,10.352905748172756,25
64,79,1509.02,1619.58,75451.0,80979.0,11.231238717918634,11.301945140781825,25
65,80,65.375,835.6666666666666,1569.0,20056.0,7.358193752733032,9.90628363983813,25
66,81,30.548387096774192,1065.1290322580646,947.0,33019.0,6.853299093186078,10.404838432339576,25
67,82,20.833333333333332,1090.1666666666667,625.0,32705.000000000004,6.437751649736401,10.395283250395313,25
68,83,89.33333333333333,1051.0,2144.0,25224.0,7.670428522190693,10.135551201224898,25
69,84,89.3170731707317,1306.0243902439024,3662.0,53547.0,8.205764725234456,10.888315051897617,25
70,85,71.125,943.4166666666666,1707.0,22642.0,7.442492722794441,10.027561867638054,25
71,86,81.84210526315789,762.3684210526316,1555.0,14485.0,7.349230824613334,9.580868910203451,25
72,87,27.333333333333332,1050.3333333333333,328.0,12604.0,5.793013608384144,9.441769502877165,25
73,88,36.285714285714285,903.0,1016.0,25284.0,6.923628628138427,10.137927063592189,25
74,89,450.6875,252.4375,7211.0,4039.0,8.88336291691676,8.303752415563412,25
75,90,70.42857142857143,1195.3142857142857,2465.0,41836.0,7.80994708647679,10.641512491874158,25
76,91,29.805555555555557,1946.3055555555557,1073.0,70067.0,6.9782137426306985,11.157207206119491,25
77,92,85.93103448275862,1043.103448275862,2492.0,30250.0,7.820840879907344,10.317251463458987,25
78,93,54.5,1020.5,1417.0,26533.0,7.256297239690681,10.186144520271382,25
79,94,66.8529411764706,1947.0588235294117,2273.0,66200.0,7.728855823852543,11.1004357419251,25
80,95,58.470588235294116,1528.9705882352941,1988.0,51985.0,7.59488438721652,10.85871049441207,25
81,96,65.75,228.41666666666666,789.0,2741.0,6.670766320845874,7.916078096302786,25
82,97,62.17857142857143,1840.7142857142858,1741.0,51540.0,7.462214939768189,10.850113484206355,25
83,98,70.4090909090909,549.8636363636364,1549.0,12097.0,7.3453648404168685,9.400712766959849,25
84,99,98.10526315789474,797.6842105263158,1864.0,15156.0,7.530479995245536,9.626151772138492,25
85,100,173.0,625.85,3460.0,12517.0,8.14902386805177,9.434842999328023,25
86,101,78.35955056179775,2669.8426966292136,6973.999999999999,237616.0,8.849944227235596,12.378411204270726,25
87,102,937.2571428571429,753.6571428571428,32804.0,26378.0,10.398305738156301,10.18028560838583,25
88,103,44.5,869.5833333333334,534.0,10435.0,6.280395838960195,9.252920819511301,25
89,104,751.6285714285714,66.6,26307.0,2331.0,10.177590342447465,7.754052639035757,25
90,105,39.94117647058823,860.8235294117648,679.0,14634.0,6.520621127558696,9.591102867443976,25
91,106,25.833333333333332,802.75,620.0,19266.0,6.429719478039138,9.86609716331757,25
92,109,1443.0,982.8518518518518,38961.0,26537.0,10.5703164247782,10.186295264571648,25
93,110,1434.392857142857,810.6071428571429,40163.0,22697.0,10.600701452770835,10.02998803614547,25
94,113,1603.5,1194.0454545454545,70554.0,52538.0,11.16413365305147,10.869291996279744,25
95,114,794.4666666666667,640.2666666666667,11917.0,9604.0,9.385721231090805,9.169934957341145,25
96,117,1137.0,1197.24,28425.0,29931.0,10.255024318618737,10.306650011581617,25
97,118,995.0588235294117,919.4117647058823,16916.0,15630.0,9.73601519859238,9.656947423415522,25
98,119,1012.6415094339623,1604.188679245283,53670.0,85022.0,10.890609465170874,11.350665325512834,25
99,120,954.4705882352941,586.8235294117648,16226.0,9976.0,9.69437017295501,9.207937487359873,25
100,121,1106.642857142857,981.6071428571429,30986.0,27485.0,10.341290768556236,10.22139568029476,25
101,122,1045.6341463414635,914.8780487804878,42871.00000000001,37510.0,10.6659508856554,10.532362843075934,25
102,123,828.0,763.7647058823529,14076.0,12984.0,9.552226498441476,9.471473109194427,25
103,124,320.0,266.3,3200.0,2663.0,8.070906088787819,7.887208585813932,25
104,126,762.7586206896551,774.6206896551724,22120.0,22464.0,10.004237455636272,10.019669306825538,25
105,128,149.11764705882354,422.05882352941177,2535.0,7175.0,7.837948916025283,8.878358040627822,25
106,129,1128.9166666666667,1323.0833333333333,40641.0,47631.0,10.612532688248846,10.771239088745622,25
107,130,374.8666666666667,1030.4,11246.0,30912.000000000004,9.327767788852148,10.338899737012245,25
108,131,770.6521739130435,518.8695652173913,17725.0,11933.999999999998,9.782731351400328,9.387146748082028,25
109,132,722.7241379310345,653.3103448275862,20959.0,18946.0,9.95032342737316,9.84934810643548,25
110,133,732.0769230769231,584.5,19034.0,15197.0,9.85398213263229,9.628853318933604,25
111,134,815.75,515.0833333333334,9789.0,6181.0,9.18901458526143,8.729235349659273,25
112,136,830.8666666666667,588.5333333333333,12463.0,8828.0,9.430519533826377,9.085683767376628,25
113,137,679.8695652173913,845.3913043478261,15636.999999999998,19444.0,9.65739517984351,9.875293818165346,25
114,138,87.07142857142857,929.3571428571429,2438.0,26022.0,7.798933310041217,10.166697613063421,25
115,139,597.375,439.5,4779.0,3516.0,8.471986598578159,8.165079258805068,25
116,140,1353.6,923.0333333333333,40608.0,27691.0,10.611720370514114,10.22886272963353,25
117,141,897.0588235294117,755.1764705882352,15250.0,12838.0,9.632334782035558,9.460164801871723,25
118,142,1152.611111111111,980.0555555555555,20747.0,17641.0,9.940156936893139,9.777981017296407,25
119,143,920.8076923076923,842.6538461538462,23941.0,21909.0,10.08334774933398,9.99465279028822,25
120,144,851.3928571428571,916.8214285714286,23839.0,25671.0,10.07907817399079,10.153117229086165,25
121,145,939.375,823.625,7515.0,6589.0,8.924656302187074,8.793156870913819,25
122,148,817.1176470588235,683.6470588235294,13891.0,11622.0,9.53899642739739,9.360655132635051,25
123,149,765.5652173913044,651.3478260869565,17608.0,14981.0,9.776108623206298,9.614538010517382,25
124,150,933.9,640.85,18678.0,12817.0,9.835101639669663,9.458527693729824,25
125,151,1479.7631578947369,1340.8947368421052,56231.0,50954.0,10.937223485229126,10.838678543910763,25
126,152,529.6842105263158,486.63157894736844,10064.0,9246.0,9.216719978940223,9.13194630454817,25
127,153,369.8,362.6,3698.0,3626.0,8.21554741194707,8.195885391314796,25
128,155,860.08,769.44,21502.0,19236.0,9.975901233045173,9.864538802397552,25
129,156,1079.9555555555555,1066.9333333333334,48598.0,48012.0,10.791337656778433,10.779206258645235,25
130,157,576.2941176470588,401.70588235294116,9797.0,6829.0,9.189831495344642,8.82893352896109,25
131,158,475.35,362.2,9507.0,7244.0,9.15978364835903,8.887928819003305,25
132,159,752.1538461538462,494.4230769230769,19556.0,12855.0,9.881037423698537,9.46148811969999,25
133,160,30.636363636363637,701.8636363636364,674.0,15441.0,6.513230110912307,9.644781588320864,25
134,162,58.375,207.5,467.0,1660.0,6.1463292576688975,7.414572881350589,25
135,163,227.75,52.125,1822.0,417.0,7.507690077819904,6.0330862217988015,25
136,165,796.1612903225806,752.0,24681.0,23312.0,10.11378899583704,10.056723528434986,25
137,166,585.25,473.625,4682.0,3789.0,8.451480648050856,8.239857411018601,25
138,167,541.8235294117648,529.2352941176471,9211.0,8997.0,9.128153700988236,9.104646467417119,25
139,168,978.0344827586207,567.4827586206897,28363.0,16457.0,10.252840757844124,9.708506197595383,25
140,169,573.3333333333334,574.8333333333334,13760.0,13796.0,9.529521111487334,9.532133974056732,25
141,170,1403.0681818181818,1254.5,61735.0,55198.0,11.030606310001843,10.918681999724738,25
142,171,812.2758620689655,710.3793103448276,23556.0,20601.0,10.067135844064461,9.933094897288786,25
143,172,614.2916666666666,565.625,14743.0,13575.0,9.59852367284982,9.515985144802135,25
144,173,557.4,400.7,5574.0,4007.0,8.625868208041894,8.295798110636145,25
145,175,1391.888888888889,1552.8,62635.0,69876.0,11.045079506278292,11.15447752162512,25
146,176,432.7894736842105,332.1578947368421,8223.0,6311.0,9.014690384970896,8.75004942158424,25
147,177,685.7222222222222,407.5,12343.0,7335.0,9.42084437974393,8.900412690577083,25
148,178,853.1388888888889,692.8333333333334,30713.0,24942.0,10.332441296713197,10.124308408480692,25
149,179,145.6,268.8,1456.0,2688.0,7.283448228756631,7.89655270164304,25
150,180,581.7058823529412,515.1764705882352,9889.0,8758.0,9.19917830726999,9.077722847361343,25
151,181,83.5,411.6666666666667,1002.0,4940.0,6.90975328164481,8.505120610181969,25
152,183,464.1875,1030.9375,14854.0,32990.0,9.606024468229242,10.403959764222627,25
153,184,423.1666666666667,256.6666666666667,5078.0,3080.0,8.532672762264625,8.03268487596762,25
154,185,430.9583333333333,446.5416666666667,10343.0,10717.0,9.244065241377804,9.279586544712997,25
155,186,79.0,194.1,790.0,1941.0,6.672032945461067,7.57095858316901,25
156,188,529.4230769230769,515.2692307692307,13765.0,13396.999999999998,9.529884417576708,9.502786080276985,25
157,189,783.8695652173913,651.1304347826087,18029.0,14976.000000000002,9.7997368515422,9.614204198717374,25
158,191,455.1578947368421,456.94736842105266,8648.0,8682.0,9.065083359319043,9.06900719585954,25
159,192,492.14285714285717,281.2857142857143,6890.0,3938.0,8.837826364007704,8.278428259199071,25
160,193,1031.8,697.0,10318.0,6970.0,9.241645221804594,8.84937050375457,25
161,194,2401.125,2137.5694444444443,172881.0,153905.0,12.060358775523131,11.944090807928207,25
162,195,651.1666666666666,475.75,7814.0,5709.0,8.963672275615016,8.64979915596426,25
163,196,114.33333333333333,761.1,3430.0,22833.0,8.140315540159985,10.0359621369355,25
164,197,798.1666666666666,559.5833333333334,19156.0,13430.0,9.8603712614625,9.505246289517283,25
165,199,1076.0,945.2272727272727,23672.0,20795.0,10.072048194080045,9.942467852177012,25
166,200,230.625,195.125,1845.0,1561.0,7.520234556474628,7.353081920515432,25
167,201,2845.9186046511627,2467.4883720930234,244749.0,212204.0,12.407988474582572,12.265303355125734,25
168,202,634.0,399.125,5072.0,3193.0,8.531490496117062,8.068716192714781,25
169,203,1096.2333333333333,884.9666666666667,32887.0,26549.0,10.400832721888241,10.186747361177321,25
170,204,1513.3333333333333,1281.3333333333333,45400.0,38440.0,10.72326738402944,10.556853863084228,25
171,205,503.8333333333333,442.5833333333333,6046.0,5311.0,8.707152175339404,8.577535420422398,25
172,206,52.84615384615385,890.5384615384615,1374.0,23154.0,7.2254814727822945,10.049922830765674,25
173,207,35.3,220.6,353.0,2206.0,5.8664680569332965,7.698936199813447,25
174,208,54.67857142857143,725.8214285714286,1531.0,20323.0,7.333676395657684,9.919508528590306,25
175,209,906.3913043478261,687.6086956521739,20847.0,15815.0,9.944965331982438,9.66871413573975,25
176,210,55.416666666666664,412.25,665.0,4947.0,6.499787040655854,8.506536611227709,25
177,213,306.07142857142856,254.0,4285.0,3556.0,8.36287583103188,8.176391596633795,25
178,214,3048.456790123457,143.77777777777777,246925.0,11646.0,12.416839925776328,9.362718052397065,25
179,215,581.3809523809524,430.7142857142857,12209.0,9045.0,9.409928663668856,9.109967397829395,25
180,216,429.11764705882354,316.2352941176471,7295.0,5376.0,8.894944460956886,8.589699882202986,25
181,217,84.85714285714286,313.35714285714283,1188.0,4387.0,7.080026499922591,8.386400901166214,25
182,218,611.0,399.3333333333333,12831.0,8386.0,9.459619396895018,9.034318927730707,25
183,219,687.5882352941177,864.3823529411765,23378.0,29389.0,10.059550688167716,10.288375733655462,25
184,220,653.2424242424242,638.8787878787879,21557.0,21083.0,9.978455868773434,9.956222307519994,25
185,221,1446.45,890.65,28929.0,17813.0,10.272599831178495,9.787683806792485,25
186,222,752.2,478.64,18805.0,11966.0,9.841878070904437,9.389824573949976,25
187,223,44.625,348.875,714.0,5582.0,6.570882962339584,8.627302414096267,25
188,224,1144.8,925.3333333333334,34344.0,27760.0,10.444182609904397,10.231351414620741,25
189,226,1182.2857142857142,953.4285714285714,33104.0,26696.0,10.407409399985324,10.19226902043121,25
190,227,2809.25,2202.065789473684,213503.0,167357.0,12.271406163074342,12.027884534267823,25
191,228,1123.047619047619,787.8571428571429,23584.0,16545.0,10.068323794989062,9.713839220355712,25
192,229,734.5,610.2692307692307,19097.0,15866.999999999998,9.857286533635413,9.671996759734089,25
193,230,142.375,220.75,1139.0,1766.0,7.037905963447182,7.476472381163905,25
194,231,615.2941176470588,299.88235294117646,10460.0,5098.0,9.255313737618915,8.53660358493606,25
195,232,471.2916666666667,502.8333333333333,11311.0,12068.0,9.33353098253138,9.398312600278953,25
196,233,390.3333333333333,340.1666666666667,2342.0,2041.0,7.758760544157663,7.621195162809845,25
197,234,572.5151515151515,818.6666666666666,18893.0,27016.0,9.846546762073318,10.204184562065404,25
198,235,774.0952380952381,540.2380952380952,16256.0,11344.999999999998,9.696217350378209,9.336532397213942,25
199,236,724.2272727272727,425.3181818181818,15933.0,9357.0,9.67614770909051,9.143880005275912,25
200,237,856.0,681.3571428571429,11984.0,9539.0,9.391327705757,9.163143937145207,25
201,238,723.625,539.3125,11578.0,8629.0,9.35686202463895,9.062883902508307,25
202,239,710.4166666666666,395.3333333333333,8525.0,4744.0,9.050758302151717,8.464635940677562,25
203,240,1123.7,766.9,11237.0,7669.0,9.326967183907902,8.94494150776486,25
204,241,357.25,258.625,2858.0,2069.0,7.957877358489813,7.634820677745543,25
205,242,405.2,321.5,4052.0,3215.0,8.306965865368573,8.07558263667172,25
206,244,1495.7021276595744,1272.531914893617,70298.0,59809.00000000001,11.160498627891927,10.998911430286723,25
207,245,1464.7435897435898,1259.1025641025642,57125.0,49105.00000000001,10.952997128196506,10.801716141591875,25
208,246,1705.5151515151515,1294.090909090909,56282.0,42705.0,10.938130047199616,10.662071288380247,25
209,247,1111.6410256410256,1805.7692307692307,43354.0,70425.0,10.677154250154869,11.162303592744573,25
210,248,657.8571428571429,549.0,18420.0,15372.0,9.821192309809298,9.640302951684735,25
211,249,607.56,396.08,15188.999999999998,9902.0,9.62832676063802,9.200492035921368,25
212,250,637.36,455.36,15934.0,11384.0,9.676210469940312,9.339964139769688,25
213,251,561.8,506.76,14044.999999999998,12669.0,9.550021739538344,9.446913343602054,25
214,252,340.3529411764706,259.4117647058824,5786.0,4410.0,8.66319648553608,8.391629968440892,25
215,254,86.63636363636364,531.6363636363636,1906.0,11696.0,7.552762084214147,9.36700218198956,25
216,255,323.375,125.625,2587.0,1005.0,7.8582541821860294,6.912742820493176,25
217,256,290.0769230769231,295.7692307692308,3771.0,3845.0,8.235095497258357,8.254528881939745,25
218,258,432.3333333333333,381.5833333333333,5188.0,4579.0,8.554103545436334,8.429235912657095,25
219,261,232.1,145.8,2321.0,1458.0,7.749753406274437,7.284820912568604,25
220,263,608.1379310344828,633.0,17636.0,18357.0,9.777697546477828,9.81776625213065,25
221,264,754.125,712.4166666666666,18099.0,17098.0,9.803611967108871,9.74671677658618,25
222,265,863.4,772.5333333333333,12951.0,11588.0,9.468928284223587,9.35772535888924,25
223,266,593.05,368.3,11861.0,7366.0,9.381010986029276,8.904630097005011,25
224,267,2266.25,1702.482142857143,126910.0,95339.0,11.75123345280421,11.4651942399268,25
225,268,257.0,212.625,2056.0,1701.0,7.628517626575055,7.438971592395862,25
226,269,751.918918918919,685.2702702702703,27821.0,25355.0,10.233546410194464,10.14073122822912,25
227,270,843.0689655172414,688.0344827586207,24449.0,19953.0,10.104344594271097,9.90113478695253,25
228,272,2224.589285714286,1505.732142857143,124577.0,84321.0,11.732679277606323,11.342386223287408,25
229,273,928.7222222222222,773.2222222222222,33434.0,27836.0,10.417328625262575,10.234085425964741,25
230,274,520.2272727272727,490.54545454545456,11445.0,10792.0,9.345308232386667,9.286560397887591,25
231,275,367.0,424.5,5872.0,6792.0,8.677950570294351,8.823500727991183,25
232,276,161.5,24.5,646.0,98.0,6.470799503782602,4.584967478670572,25
233,278,482.4,569.16,12060.0,14229.0,9.397649470281177,9.563037414545692,25
234,279,514.8648648648649,482.7027027027027,19050.0,17860.0,9.854822380554847,9.79031885443049,25
235,280,871.2903225806451,639.1290322580645,27010.0,19813.0,10.203962446786662,9.89409356689426,25
236,281,61.05882352941177,312.47058823529414,1038.0,5312.0,6.945051063725834,8.57772369115627,25
237,284,16.11764705882353,960.0588235294117,548.0,32642.0,6.306275286948016,10.393355081710641,25
238,285,46.96153846153846,645.6153846153846,1221.0,16786.0,7.107425474110705,9.728300484642773,25
239,286,9.0,371.70588235294116,153.0,6319.0,5.030437921392435,8.751316246773456,25
240,287,43.857142857142854,583.3333333333334,920.9999999999999,12250.0,6.825460036255307,9.413281215972873,25
241,288,35.0,490.3333333333333,735.0,10297.0,6.5998704992128365,9.239607869656751,25
242,289,21.214285714285715,278.42857142857144,297.0,3898.0,5.6937321388027,8.268218880067506,25
243,290,11.166666666666666,354.9166666666667,134.0,4259.0,4.897839799950911,8.356789669923213,25
244,291,60.09375,588.875,1923.0,18844.0,7.56164174558878,9.843949839819931,25
245,292,66.61111111111111,584.3333333333334,1199.0,10518.0,7.089243155027514,9.260843354149289,25
246,294,1182.0,290.0833333333333,14184.0,3481.0,9.559869847754044,8.15507488781144,25
247,295,445.5625,142.125,7129.0,2274.0,8.871926251117628,7.729295674310482,25
248,296,13.105263157894736,375.4736842105263,249.0,7134.0,5.517452896464707,8.872627365918836,25
249,297,26.161290322580644,734.5806451612904,811.0,22772.0,6.698268054115413,10.033286990070973,25
250,298,81.46875,1608.53125,2607.0,51473.0,7.865955413933502,10.848812677328631,25
251,299,9.636363636363637,475.90909090909093,106.0,5235.0,4.663439094112067,8.563122123304638,25
252,300,5.0,141.16666666666666,30.0,847.0,3.4011973816621555,6.741700694652055,25
253,301,5.333333333333333,388.8333333333333,32.0,2333.0,3.4657359027997265,7.75491027202143,25
