,label,Unedited mean intensity,Edited mean intensity,Unedited sum intensity,Edited sum intensity,ln(intensity) of unedited probe,ln(intensity) of edited probe,position
0,1,19.0,37.0,19.0,37.0,2.9444389791664403,3.6109179126442243,26
1,2,17.357142857142858,351.5357142857143,486.0,9843.0,6.186208623900494,9.194515821629212,26
2,3,25.346153846153847,570.8461538461538,659.0,14842.0,6.490723534502507,9.60521627853008,26
3,4,11.166666666666666,274.5833333333333,134.0,3295.0,4.897839799950911,8.100161446936607,26
4,5,23.38095238095238,948.2857142857143,982.0,39828.0,6.889591308354466,10.592325461507976,26
5,6,0.6875,356.9375,11.0,5711.0,2.3978952727983707,8.650149418664864,26
6,7,14.96,213.76,374.0,5344.0,5.924255797414532,8.583729715216482,26
7,8,19.057142857142857,739.4571428571429,667.0,25881.000000000004,6.502790045915623,10.161264387744689,26
8,9,10.411764705882353,93.70588235294117,177.0,1593.0,5.176149732573829,7.373374309910049,26
9,10,10.333333333333334,286.75,124.0,3441.0,4.820281565605037,8.14351740579748,26
10,11,0.23529411764705882,368.52941176470586,4.0,6265.0,1.3862943611198906,8.742733867330168,26
11,12,0.9333333333333333,422.8,14.0,6342.0,2.6390573296152584,8.754949455098293,26
12,13,0.7619047619047619,489.3809523809524,16.0,10277.0,2.772588722239781,9.237663667625073,26
13,14,78.9090909090909,1453.979797979798,7812.0,143944.0,8.96341629199657,11.877179614032354,26
14,15,35.86363636363637,1081.090909090909,789.0000000000001,23784.0,6.670766320845875,10.076768364677934,26
15,16,35.06896551724138,729.9137931034483,2034.0,42335.0,7.617759576608505,10.653369446076377,26
16,17,39.94117647058823,717.6470588235294,679.0,12200.0,6.520621127558696,9.409191230721348,26
17,18,42.125,784.5625,674.0,12553.0,6.513230110912307,9.437714959818209,26
18,19,76.43181818181819,1272.2272727272727,3363.0,55978.0,8.12058871174027,10.932714035385844,26
19,20,15.575757575757576,438.8484848484849,514.0,14482.0,6.2422232654551655,9.580661777948766,26
20,21,6.891891891891892,1159.945945945946,255.0,42918.00000000001,5.541263545158426,10.667046597336439,26
21,22,46.134328358208954,991.2537313432836,3091.0,66414.0,8.036249942132116,11.10366315661368,26
22,23,47.81395348837209,763.3720930232558,2056.0,32825.0,7.628517626575055,10.398945699170996,26
23,24,29.473684210526315,713.921052631579,1120.0,27129.0,7.02108396428914,10.20835854540859,26
24,25,17.863636363636363,541.8181818181819,393.0,11920.000000000002,5.973809611869261,9.385972940619341,26
25,26,34.3448275862069,686.1034482758621,996.0,19897.0,6.903747257584598,9.898324245579248,26
26,27,1.368421052631579,381.2105263157895,26.0,7243.0,3.258096538021482,8.887790764195326,26
27,28,26.25,434.25,210.0,3474.0,5.3471075307174685,8.153061946801051,26
28,29,30.333333333333332,533.6666666666666,364.0,6404.0,5.8971538676367405,8.764678074116606,26
29,30,32.76190476190476,673.6666666666666,688.0,14147.0,6.5337888379333435,9.557257866458935,26
30,31,28.75,454.9166666666667,345.0,5459.0,5.84354441703136,8.605020901781758,26
31,32,27.923076923076923,720.6153846153846,726.0,18736.0,6.587550014824796,9.838202085837498,26
32,33,25.666666666666668,519.5833333333334,308.0,6235.0,5.730099782973574,8.737933858114136,26
33,34,32.26315789473684,787.578947368421,613.0,14964.0,6.418364935936212,9.613402595468036,26
34,36,15.0,400.2857142857143,210.0,5604.0,5.3471075307174685,8.631235907456897,26
35,37,37.166666666666664,602.4166666666666,446.0,7229.0,6.100318952020064,8.885855993000296,26
36,38,38.285714285714285,734.1904761904761,1608.0,30836.0,7.382746449738912,10.336438117579153,26
37,39,44.75,852.3333333333334,1074.0,20456.0,6.97914527506881,9.926031516971022,26
38,40,16.94736842105263,218.3684210526316,322.0,4149.0,5.7745515455444085,8.330622620332868,26
39,41,33.92307692307692,608.9230769230769,440.99999999999994,7916.0,6.089044875446846,8.976641306722456,26
40,42,64.88,1205.56,3244.0,60278.0,8.084562415235304,11.006722473689681,26
41,43,15.882352941176471,445.52941176470586,270.0,7574.0,5.598421958998375,8.93247660846174,26
42,44,27.944444444444443,497.55555555555554,503.0,8956.0,6.220590170099739,9.100078977718645,26
43,45,61.714285714285715,1072.4857142857143,2160.0,37537.0,7.67786350067821,10.533082392189554,26
44,46,32.875,569.25,789.0,13662.0,6.670766320845874,9.522373535291795,26
45,47,72.20408163265306,1406.0204081632653,3538.0,68895.0,8.17131687471973,11.140338885428003,26
46,48,18.56,463.52,463.99999999999994,11588.0,6.139884552226255,9.35772535888924,26
47,49,55.47222222222222,1252.75,1997.0,45099.0,7.599401333415815,10.716615352295944,26
48,50,10.214285714285714,136.71428571428572,143.0,1914.0,4.962844630259907,7.5569505720129,26
49,51,79.77011494252874,1607.057471264368,6940.0,139814.0,8.84505705350085,11.848068246829381,26
50,53,0.625,388.125,5.0,3105.0,1.6094379124341003,8.040768994367578,26
51,54,12.421052631578947,371.42105263157896,236.0,7057.0,5.4638318050256105,8.86177531100083,26
52,56,13.347826086956522,153.0,307.0,3519.0,5.726847747587197,8.165932137321585,26
53,57,12.75,233.0,51.0,932.0,3.9318256327243257,6.837332814685591,26
54,58,37.5,400.03333333333336,1125.0,12001.0,7.025538314638521,9.392745258631441,26
55,59,12.5,125.11111111111111,225.0,2252.0,5.41610040220442,7.719573989259581,26
56,60,23.46153846153846,442.65384615384613,610.0,11509.0,6.413458957167357,9.350884616968491,26
57,61,13.75,450.53125,440.0,14417.0,6.0867747269123065,9.576163344811905,26
58,62,14.421052631578947,175.89473684210526,274.0,3342.0,5.6131281063880705,8.114324709155339,26
59,63,12.307692307692308,267.38461538461536,320.0,6951.999999999999,5.768320995793772,8.846784666945227,26
60,64,12.2,376.92,305.0,9423.0,5.720311776607412,9.150908788206756,26
61,65,7.8125,81.5,125.0,1304.0,4.8283137373023015,7.1731917424865985,26
62,66,0.9285714285714286,300.0,13.0,4200.0,2.5649493574615367,8.34283980427146,26
63,67,11.708333333333334,254.79166666666666,281.0,6115.0,5.638354669333745,8.718500048121273,26
64,68,25.8,786.48,645.0,19662.0,6.4692503167957724,9.88644311792687,26
65,69,17.742857142857144,1260.0285714285715,621.0,44101.0,6.431331081933479,10.694237736914808,26
66,70,18.357142857142858,1032.9285714285713,514.0,28921.999999999996,6.2422232654551655,10.272357830174737,26
67,71,17.322580645161292,346.4516129032258,537.0,10740.0,6.285998094508865,9.281730368062856,26
68,73,30.105263157894736,605.0,572.0,11495.0,6.349138991379798,9.349667437197281,26
69,74,23.25,427.59375,744.0,13683.0,6.612041034833092,9.52390946537981,26
70,75,24.962962962962962,543.0,674.0,14661.0,6.513230110912307,9.592946185938265,26
71,76,12.909090909090908,246.5,284.0,5423.0,5.648974238161206,8.59840444684106,26
72,77,31.2,697.7333333333333,468.0,10466.0,6.148468295917647,9.255887186932153,26
73,78,35.25,1442.375,564.0,23078.0,6.335054251498059,10.046635061754612,26
74,79,10.928571428571429,247.42857142857142,153.0,3464.0,5.030437921392435,8.150179269682326,26
75,80,46.15625,915.75,2954.0,58608.0,7.9909154630913255,10.978626485018596,26
76,81,17.058823529411764,761.5882352941177,290.0,12947.0,5.66988092298052,9.468619380058648,26
77,82,24.544444444444444,1820.088888888889,2209.0,163808.0,7.700295203420117,12.00645028925731,26
78,83,12.285714285714286,222.07142857142858,172.0,3109.0,5.147494476813453,8.042056410058754,26
79,84,26.058823529411764,783.3529411764706,443.0,13317.0,6.093569770045136,9.496796693502144,26
80,85,28.88888888888889,723.8518518518518,780.0,19544.0,6.659293919683638,9.880423612937577,26
81,86,15.67741935483871,457.83870967741933,486.0,14193.0,6.186208623900494,9.560504164299259,26
82,87,16.75,298.75,201.0,3585.0,5.303304908059076,8.184513753033722,26
83,88,12.352941176470589,202.8235294117647,210.0,3448.0,5.3471075307174685,8.145549631783584,26
84,89,14.285714285714286,1065.9285714285713,200.0,14922.999999999998,5.298317366548036,9.610658925931467,26
85,90,24.166666666666668,463.4166666666667,290.0,5561.0,5.66988092298052,8.623533227187563,26
86,91,16.88235294117647,1226.2941176470588,287.0,20847.0,5.659482215759621,9.944965331982438,26
87,92,19.89189189189189,737.5945945945946,736.0,27291.0,6.601230118728877,10.214312256490171,26
88,93,9.148148148148149,369.9259259259259,247.00000000000003,9988.0,5.5093883366279774,9.209139651399664,26
89,94,26.346153846153847,940.3846153846154,685.0,24450.0,6.529418838262226,10.104385494903019,26
90,95,22.916666666666668,577.0833333333334,275.0,6925.0,5.616771097666572,8.842893331055539,26
91,96,21.75,635.875,348.0,10174.0,5.8522024797744745,9.22759072538271,26
92,97,19.59375,574.6875,627.0,18390.0,6.440946540632921,9.819562317598367,26
93,98,20.866666666666667,453.06666666666666,626.0,13592.0,6.439350371100098,9.517236663351769,26
94,99,8.944444444444445,291.5,161.0,5247.0,5.081404364984463,8.565411763686711,26
95,100,7.625,318.75,61.0,2550.0,4.110873864173311,7.843848638152472,26
96,101,22.36,563.32,559.0,14083.000000000002,6.326149473155099,9.55272367519805,26
97,102,9.833333333333334,239.83333333333334,118.0,2878.0,4.770684624465665,7.964850887447313,26
98,103,33.895833333333336,779.625,1627.0,37422.0,7.394493107219038,10.530014045754177,26
99,104,14.5,421.3666666666667,435.0,12641.0,6.075346031088684,9.444700778495557,26
100,105,17.958333333333332,259.875,431.0,6237.0,6.066108090103747,8.738254576526122,26
101,106,14.4,361.8,288.0,7236.0,5.662960480135946,8.886823846515187,26
102,107,14.26923076923077,258.38461538461536,371.0,6717.999999999999,5.916202062607435,8.812545770172237,26
103,108,5.833333333333333,713.3666666666667,175.0,21401.0,5.1647859739235145,9.97119292889014,26
104,109,0.35294117647058826,431.47058823529414,6.0,7335.0,1.791759469228055,8.900412690577083,26
105,110,14.277777777777779,395.6111111111111,257.0,7121.0,5.54907608489522,8.870803443982124,26
106,111,10.083333333333334,298.0,121.0,3576.0,4.795790545596741,8.182000136293405,26
107,112,15.076923076923077,244.1153846153846,392.0,6347.0,5.971261839790462,8.75573753930647,26
108,113,17.333333333333332,312.57575757575756,572.0,10315.0,6.349138991379798,9.241354425505353,26
109,114,17.541666666666668,309.7916666666667,421.0,7435.0,6.042632833682381,8.913953858894255,26
110,115,19.612903225806452,505.5483870967742,608.0,15672.0,6.410174881966167,9.659630959624376,26
111,116,15.241379310344827,323.8965517241379,442.0,9393.0,6.091309882077698,9.147720009994515,26
112,117,22.45,457.675,898.0,18307.0,6.8001700683022,9.815038779351015,26
113,118,10.5,221.125,84.0,1769.0,4.430816798843313,7.478169694159785,26
114,119,28.65909090909091,585.9545454545455,1261.0,25782.0,7.13966033596492,10.15743185300305,26
115,120,13.25,343.875,212.0,5502.0,5.356586274672012,8.61286694148452,26
116,121,21.652173913043477,438.30434782608694,497.99999999999994,10081.0,6.210600077024653,9.218407743053941,26
117,122,24.25,635.3409090909091,1067.0,27955.0,6.9726062513017535,10.238351353460745,26
118,123,45.483870967741936,1296.4354838709678,2820.0,80379.0,7.944492163932159,11.294508227020106,26
119,125,20.09090909090909,514.5151515151515,663.0,16979.0,6.4967749901858625,9.739732565316011,26
120,126,17.724137931034484,366.3448275862069,514.0,10624.0,6.2422232654551655,9.270870871716214,26
121,127,35.1764705882353,859.7941176470588,1196.0,29233.0,7.086737934510577,10.283053487118604,26
122,128,17.193548387096776,837.6129032258065,533.0,25966.0,6.278521424165844,10.164543268920198,26
123,129,16.884615384615383,504.7307692307692,438.99999999999994,13123.0,6.0844994130751715,9.482121694896287,26
124,130,17.192307692307693,345.65384615384613,447.0,8987.0,6.102558594613569,9.103534367658373,26
125,132,26.2,619.2,786.0,18576.0,6.666956792429207,9.829625703937673,26
126,133,30.90625,1382.0625,989.0,44226.0,6.8966943316227125,10.697068130417344,26
127,134,25.875,669.175,1035.0,26767.0,6.942156705699469,10.194925064489325,26
128,135,33.8,698.7,338.0,6987.0,5.823045895483019,8.85180655855245,26
129,136,28.884615384615383,626.6538461538462,751.0,16293.0,6.621405651764134,9.698490846702954,26
130,137,36.34146341463415,950.0,1490.0,38950.0,7.306531398939505,10.570034051298894,26
131,138,35.17391304347826,701.0,808.9999999999999,16123.0,6.695798917058491,9.68800210296374,26
132,139,18.035714285714285,358.9642857142857,505.0,10051.0,6.22455842927536,9.21542741102474,26
133,140,20.454545454545453,442.1818181818182,675.0,14592.0,6.51471269087253,9.588228712314113,26
134,141,10.789473684210526,195.52631578947367,205.0,3714.9999999999995,5.3230099791384085,8.220133957151859,26
135,142,39.9,753.1,1197.0,22593.0,7.087573705557973,10.025395402769462,26
136,143,33.57142857142857,686.7142857142857,470.0,9614.0,6.152732694704104,9.170975648453906,26
137,144,38.82051282051282,814.974358974359,1514.0,31784.0,7.322510433997394,10.366718297494435,26
138,145,42.60526315789474,990.1842105263158,1619.0,37627.0,7.389563953677635,10.535477156784617,26
139,146,33.0,656.1153846153846,1716.0,34118.0,7.447751280047908,10.437580383240466,26
140,147,35.3421052631579,418.10526315789474,1343.0,15888.0,7.202661196523238,9.673319386284954,26
141,148,24.75609756097561,704.8536585365854,1015.0000000000001,28899.0,6.922643891475888,10.271562271425733,26
142,149,20.5,495.7142857142857,574.0,13880.0,6.352629396319567,9.538204234060796,26
143,150,27.633333333333333,561.3,829.0,16839.0,6.720220155135295,9.73145290361031,26
144,151,18.1875,443.8125,291.0,7101.0,5.673323267171493,8.867990898182093,26
145,152,14.19047619047619,252.28571428571428,298.0,5298.0,5.697093486505405,8.575084669832014,26
146,153,29.23076923076923,464.38461538461536,760.0,12074.0,6.633318433280377,9.398809659356372,26
147,154,15.172413793103448,382.7586206896552,440.0,11100.0,6.0867747269123065,9.314700387300425,26
148,155,14.285714285714286,261.57142857142856,200.0,3662.0,5.298317366548036,8.205764725234456,26
149,156,21.032258064516128,402.03225806451616,652.0,12463.0,6.480044561926653,9.430519533826377,26
150,157,40.285714285714285,843.9428571428572,1410.0,29538.0,7.251344983372214,10.293432848986255,26
151,158,13.25,218.75,212.0,3500.0,5.356586274672012,8.160518247477505,26
152,161,21.61111111111111,416.1111111111111,778.0,14980.0,6.656726524178391,9.61447125707121,26
153,164,16.192307692307693,385.46153846153845,421.0,10022.0,6.042632833682381,9.21253795551967,26
154,165,13.0,175.25,104.0,1402.0,4.6443908991413725,7.2456550675945355,26
155,166,16.157894736842106,395.8421052631579,307.0,7521.0,5.726847747587197,8.925454386826402,26
156,167,12.0,224.8181818181818,264.0,4946.0,5.575949103146316,8.506334448081361,26
157,168,12.0,211.4,240.0,4228.0,5.480638923341991,8.349484346990128,26
158,169,21.714285714285715,429.92857142857144,608.0,12038.0,6.410174881966167,9.395823592107716,26
159,170,24.789473684210527,552.578947368421,471.0,10499.0,6.154858094016418,9.259035293514941,26
160,171,30.53846153846154,804.9615384615385,794.0,20929.0,6.677083461247136,9.948891035989977,26
161,172,28.956521739130434,507.0,666.0,11661.0,6.501289670540389,9.364005219520333,26
162,173,38.0,713.0666666666667,570.0,10696.0,6.345636360828596,9.27762511878178,26
163,174,25.6,482.2,256.0,4822.0,5.545177444479562,8.480944058741116,26
164,175,50.875,1080.725,2035.0,43229.0,7.618251097876695,10.674266845309926,26
165,176,52.21739130434783,1171.8260869565217,2402.0,53904.0,7.784057002639929,10.894959965646335,26
166,177,37.0,773.5714285714286,518.0,10830.0,6.249975242259483,9.290075339995036,26
167,178,11.882352941176471,341.05882352941177,202.0,5798.0,5.308267697401205,8.6652683094816,26
168,179,33.0,998.5333333333333,990.0,29956.0,6.897704943128636,10.307484917369258,26
169,180,29.0,554.0,551.0,10526.0,6.311734809152915,9.261603665913725,26
170,181,7.9411764705882355,268.6470588235294,135.0,4567.0,4.90527477843843,8.426611813185,26
171,182,35.625,762.625,285.0,6101.0,5.652489180268651,8.716207971151853,26
172,183,29.375,650.0625,470.0,10401.0,6.152732694704104,9.249657234353133,26
173,184,25.214285714285715,502.5238095238095,1059.0,21106.0,6.9650803456014065,9.957312639231036,26
174,185,13.35,208.45,267.0,4169.0,5.58724865840025,8.335431477880796,26
175,186,7.166666666666667,157.83333333333334,86.0,1894.0,4.454347296253507,7.546446273746024,26
176,187,60.205128205128204,882.7179487179487,2348.0,34426.0,7.761319180947987,10.446567371831451,26
177,188,48.8,858.3333333333334,1464.0,25750.0,7.288927694521257,10.156189906091882,26
178,189,17.47826086956522,78.82608695652173,402.0,1813.0,5.996452088619021,7.502738210754851,26
179,190,48.145833333333336,897.6666666666666,2311.0,43088.0,7.745435610274381,10.67099981505138,26
180,191,9.25,272.5833333333333,111.0,3271.0,4.709530201312334,8.092851027538384,26
181,192,17.727272727272727,405.8636363636364,390.0,8929.0,5.966146739123692,9.097059685517216,26
182,193,11.0,300.6470588235294,187.0,5111.0,5.231108616854587,8.53915035876828,26
183,194,40.833333333333336,681.0,245.0,4086.0,5.501258210544727,8.315321775377567,26
184,195,16.517241379310345,266.0,479.0,7714.0,6.171700597410915,8.950792138768174,26
185,196,12.764705882352942,220.2941176470588,217.0,3745.0,5.37989735354046,8.22817689595132,26
186,197,41.34782608695652,649.7391304347826,951.0,14944.0,6.85751406254539,9.612065160468624,26
187,198,27.214285714285715,593.7142857142857,381.0,8312.0,5.942799375126701,9.025455532779063,26
188,199,25.303030303030305,593.3030303030303,835.0,19579.0,6.727431724850855,9.882212842257273,26
189,200,19.5,447.90909090909093,429.0,9854.0,6.061456918928017,9.195632743103909,26
190,201,9.727272727272727,278.77272727272725,214.0,6133.0,5.365976015021851,8.721439305625983,26
191,202,19.5625,564.40625,626.0,18061.0,6.439350371100098,9.801510196423664,26
192,203,11.181818181818182,396.1818181818182,123.0,4358.0,4.812184355372417,8.379768515504566,26
193,204,19.833333333333332,465.3333333333333,238.0,5584.0,5.472270673671475,8.627660644442209,26
194,205,12.0,239.20833333333334,288.0,5741.0,5.662960480135946,8.655388690167637,26
195,206,32.92857142857143,687.1190476190476,1383.0,28859.0,7.232010331664759,10.270177181692885,26
196,207,14.391304347826088,363.5652173913044,331.0,8362.0,5.802118375377063,9.03145291191651,26
197,208,25.583333333333332,561.875,614.0,13485.0,6.419994928147142,9.50933323557383,26
198,209,21.75,403.5,522.0,9684.0,6.257667587882639,9.178230318057949,26
199,210,9.25,323.9375,148.0,5183.0,4.997212273764115,8.553139318189707,26
200,211,26.535714285714285,556.9642857142857,743.0,15594.999999999998,6.610696044717759,9.654705629041903,26
201,212,16.76923076923077,356.0769230769231,436.0,9258.0,6.077642243349034,9.133243321591216,26
202,213,15.925925925925926,515.7037037037037,430.0,13924.0,6.063785208687608,9.54136924893133,26
203,214,9.166666666666666,319.6666666666667,110.0,3836.0,4.700480365792417,8.252185436003328,26
204,215,11.45,314.75,229.0,6295.0,5.43372200355424,8.747510946478448,26
205,216,13.482758620689655,307.82758620689657,391.0,8927.0,5.968707559985366,9.096835671179361,26
206,217,13.9,416.6,139.0,4166.0,4.9344739331306915,8.334711621820917,26
207,218,23.153846153846153,521.1538461538462,301.0,6775.0,5.707110264748875,8.820994645747902,26
208,219,18.272727272727273,355.6363636363636,402.0,7824.0,5.996452088619021,8.964951211714654,26
209,220,6.0,66.0,12.0,132.0,2.4849066497880004,4.882801922586371,26
210,221,13.478260869565217,590.7391304347826,310.0,13587.0,5.736572297479192,9.516868732224324,26
211,222,15.157894736842104,377.36842105263156,288.0,7170.0,5.662960480135946,8.877660933593667,26
212,223,34.17948717948718,666.2820512820513,1333.0,25985.0,7.195187320178709,10.165274727442542,26
213,224,80.6236559139785,1587.763440860215,7498.0,147662.0,8.922391597295857,11.902681157150983,26
214,225,22.75,466.1666666666667,273.0,5594.0,5.60947179518496,8.629449873761905,26
215,226,32.54545454545455,890.6136363636364,1432.0,39187.0,7.266827347520591,10.576100338123224,26
216,227,60.2,1114.04,4515.0,83553.0,8.415160465851086,11.33323644002164,26
217,228,22.8,630.2,228.0,6302.0,5.429345628954441,8.74862232231722,26
218,229,23.727272727272727,618.6818181818181,522.0,13610.999999999998,6.257667587882639,9.518633568332074,26
219,230,35.404761904761905,771.0952380952381,1487.0,32386.0,7.304515946460155,10.385481509633417,26
220,231,26.85185185185185,724.4814814814815,725.0,19561.0,6.586171654854675,9.881293067026359,26
221,232,38.607142857142854,754.5714285714286,1081.0,21128.0,6.985641817639208,9.958354453976968,26
222,233,36.25,822.75,290.0,6582.0,5.66988092298052,8.792093929503284,26
223,234,13.88888888888889,659.1666666666666,250.0,11865.0,5.521460917862246,9.381348168869865,26
224,235,39.892857142857146,987.1785714285714,1117.0,27641.0,7.018401799069201,10.227055456677219,26
225,236,17.058823529411764,524.6470588235294,290.0,8919.0,5.66988092298052,9.095939111666207,26
226,237,52.51724137931034,1086.0344827586207,1523.0,31495.0,7.328437352895162,10.357584082056029,26
227,238,49.0,1201.28,2450.0,60064.0,7.803843303538772,11.003165939386236,26
228,239,48.18181818181818,1167.0545454545454,2650.0,64188.0,7.882314918980268,11.06957155631925,26
229,240,28.083333333333332,511.0,337.0,6132.0,5.820082930352362,8.721276239991704,26
230,241,27.607142857142858,610.7857142857143,773.0,17102.0,6.650279048587422,9.7469506947159,26
231,242,39.44444444444444,671.1666666666666,1420.0,24162.0,7.258412150595307,10.092536430079509,26
232,243,43.94444444444444,1009.0277777777778,1582.0,36325.0,7.366445148327599,10.500261488438484,26
233,244,38.583333333333336,827.7916666666666,926.0,19867.0,6.8308742346461795,9.896815342768063,26
234,245,16.666666666666668,410.25,200.0,4923.0,5.298317366548036,8.5016733797582,26
235,246,30.36842105263158,752.4473684210526,1154.0,28593.0,7.050989447068045,10.260917211605735,26
236,247,31.653846153846153,533.4230769230769,823.0,13869.0,6.71295620067707,9.537411412656335,26
237,248,22.17391304347826,559.8695652173913,510.0,12876.999999999998,6.234410725718371,9.463198053273784,26
238,249,22.05,657.2,441.0,13144.0,6.089044875446846,9.483720659717104,26
239,250,20.77777777777778,430.8888888888889,561.0,11634.0,6.329720905522696,9.361687124470707,26
240,251,10.375,383.625,83.0,3069.0,4.418840607796598,8.029107054619736,26
241,252,34.13333333333333,663.8333333333334,1024.0,19915.0,6.931471805599453,9.899228495615745,26
242,253,24.263157894736842,711.0526315789474,461.0,13510.0,6.133398042996649,9.511185430954244,26
243,254,32.57575757575758,694.2727272727273,1075.0,22911.0,6.980075940561763,10.039372423556493,26
244,255,7.083333333333333,283.0833333333333,85.0,3397.0,4.442651256490317,8.130647968160584,26
245,256,56.94827586206897,1281.8793103448277,3303.0,74349.0,8.10258642539079,11.216525501898724,26
246,257,16.3,853.125,652.0,34125.0,6.480044561926653,10.437785532487261,26
247,258,17.45,267.15,349.0,5343.0,5.855071922202427,8.583542571957771,26
248,259,33.3,646.1666666666666,998.9999999999999,19385.0,6.906754778648553,9.87225485010503,26
249,260,24.666666666666668,8.7,740.0,261.0,6.606650186198215,5.564520407322694,26
250,261,9.0,361.8,135.0,5427.0,4.90527477843843,8.599141774063405,26
251,262,28.53125,689.78125,913.0,22073.0,6.816735880594968,10.002110421141213,26
252,263,13.96,438.84,349.0,10971.0,5.855071922202427,9.30301070681749,26
253,264,20.72222222222222,395.19444444444446,746.0,14227.0,6.61472560020376,9.562896846651167,26
254,265,30.107142857142858,595.9285714285714,843.0,16686.0,6.736966958001855,9.72232532346202,26
255,266,11.25,338.75,90.0,2710.0,4.499809670330265,7.904703913873747,26
256,267,17.45,565.05,698.0,22602.0,6.548219102762372,10.025793676920095,26
257,268,40.048780487804876,801.390243902439,1642.0,32857.0,7.403670290012373,10.399920091014481,26
258,269,11.576923076923077,283.9230769230769,301.0,7382.0,5.707110264748875,8.906799883589944,26
259,270,9.125,290.625,73.0,2325.0,4.290459441148391,7.751475318021456,26
260,271,20.0,401.05882352941177,340.0,6818.0,5.8289456176102075,8.827321452697849,26
261,272,22.125,624.125,354.0,9986.0,5.869296913133774,9.208939391060555,26
262,273,9.5625,374.6875,153.0,5995.0,5.030437921392435,8.698681067461614,26
263,274,17.1,696.9666666666667,513.0,20909.0,6.240275845170769,9.947934967271424,26
264,275,8.95,295.75,179.0,5915.0,5.187385805840755,8.685246776412487,26
265,276,37.3125,769.4583333333334,1791.0,36934.0,7.490529402060711,10.516887815005818,26
266,277,20.805555555555557,448.44444444444446,749.0,16144.0,6.618738983517219,9.68930374259339,26
267,278,46.02564102564103,886.8589743589744,3590.0000000000005,69175.0,8.185907481482324,11.144394804655127,26
268,279,23.379310344827587,551.9655172413793,678.0,16007.0,6.519147287940395,9.680781405546698,26
269,280,14.75,222.83333333333334,177.0,2674.0,5.176149732573829,7.891330757661889,26
270,281,21.033333333333335,72.4,631.0,2172.0,6.447305862541213,7.683403681053826,26
271,282,23.333333333333332,439.4166666666667,280.0,5273.0,5.634789603169249,8.57035473953047,26
272,283,9.416666666666666,266.9166666666667,113.0,3203.0,4.727387818712341,8.071843149609158,26
273,284,33.73684210526316,801.578947368421,641.0,15230.0,6.46302945692067,9.631022445889208,26
274,285,17.41176470588235,507.88235294117646,296.0,8634.0,5.69035945432406,9.063463176115423,26
275,286,17.5,368.4,350.0,7368.0,5.857933154483459,8.904901577935142,26
276,287,59.86363636363637,1225.1363636363637,1317.0,26953.000000000004,7.183111701743281,10.201849887396012,26
277,288,55.375,979.9375,886.0,15679.0,6.786716950605081,9.66007751636045,26
278,289,45.73684210526316,849.1052631578947,1738.0,32265.999999999996,7.460490305825338,10.38176932322609,26
279,290,86.25773195876289,1676.979381443299,8367.0,162667.0,9.032050676295599,11.999460445345402,26
280,291,31.6,825.9,632.0,16518.0,6.448889394146858,9.712205974370661,26
281,293,16.266666666666666,529.0,488.0,15870.0,6.1903154058531475,9.672185813520455,26
282,294,58.67567567567568,1296.3513513513512,2171.0,47964.99999999999,7.682943169878292,10.778226857252047,26
283,295,55.758620689655174,1149.1379310344828,1617.0,33325.0,7.388327859577107,10.41406314504691,26
284,296,42.5,898.0833333333334,1020.0,21554.0,6.927557906278317,9.978316693156778,26
285,297,57.166666666666664,1087.8333333333333,686.0,13054.0,6.530877627725885,9.476849879195163,26
286,298,19.0,491.92857142857144,266.0,6887.0,5.583496308781699,8.837390855544697,26
287,299,28.285714285714285,607.0,396.0,8498.0,5.981414211254481,9.047586120674756,26
288,300,21.0,580.9545454545455,462.0,12781.0,6.135564891081739,9.455714972131714,26
289,301,32.1578947368421,657.9473684210526,611.0,12501.0,6.415096959171596,9.433563920090563,26
290,302,38.44444444444444,888.5,1384.0,31986.0,7.232733136177615,10.373053586050816,26
291,303,26.6,635.1,266.0,6351.0,5.583496308781699,8.756367559802975,26
292,304,20.771428571428572,1375.7428571428572,727.0,48151.0,6.588926477533519,10.782097185442595,26
293,305,15.928571428571429,462.92857142857144,223.0,6481.0,5.407171771460119,8.776630098427717,26
294,306,40.81818181818182,898.7575757575758,1347.0,29659.0,7.205635176410364,10.297520899681873,26
295,307,48.785714285714285,995.4285714285714,2049.0,41808.0,7.6251071482389,10.640842987760394,26
296,308,16.473684210526315,223.94736842105263,313.0,4255.0,5.746203190540153,8.355850041007475,26
297,309,10.875,246.20833333333334,261.0,5909.0,5.564520407322694,8.684231891345675,26
298,310,17.032258064516128,504.8709677419355,528.0,15651.0,6.269096283706261,9.658290091690503,26
299,311,19.685714285714287,435.22857142857146,689.0,15233.000000000002,6.535241271013659,9.631219406136701,26
300,312,0.058823529411764705,335.05882352941177,1.0,5696.0,0.0,8.647519453091812,26
301,313,19.045454545454547,488.95454545454544,419.0,10757.0,6.037870919922137,9.283311984432006,26
302,314,27.375,620.9,1095.0,24836.0,6.9985096422506015,10.120049492484783,26
303,315,18.96153846153846,349.38461538461536,492.99999999999994,9084.0,6.20050917404269,9.114269903225448,26
304,316,8.083333333333334,233.33333333333334,97.0,2800.0,4.574710978503383,7.937374696163295,26
305,317,34.54545454545455,699.4545454545455,1520.0,30776.0,7.326465613840322,10.33449044443213,26
306,318,0.29411764705882354,404.47058823529414,5.0,6876.0,1.6094379124341003,8.83579236650274,26
307,319,34.945454545454545,692.4909090909091,1922.0,38087.0,7.561121589530238,10.547628295541239,26
308,320,31.959183673469386,814.0408163265306,1566.0,39888.0,7.356279876550748,10.59383080576334,26
309,322,11.0,295.3181818181818,242.0,6497.0,5.488937726156687,8.77909581088053,26
310,323,8.7,357.0,87.0,3570.0,4.465908118654584,8.180320874773685,26
311,324,20.045454545454547,428.04545454545456,441.0,9417.0,6.089044875446846,9.150271845510064,26
312,325,32.5,731.4,650.0,14628.0,6.476972362889683,9.590692779269272,26
313,326,30.085714285714285,623.2285714285714,1053.0,21813.0,6.959398512133975,9.990261401318167,26
314,327,0.2,401.2,4.0,8024.0,1.3862943611198906,8.990192329641772,26
315,328,43.54054054054054,1130.1081081081081,1611.0,41814.0,7.384610383176974,10.640986490666574,26
316,329,25.829268292682926,499.2926829268293,1059.0,20471.0,6.9650803456014065,9.926764529440621,26
317,330,1.411764705882353,373.7647058823529,24.0,6354.0,3.1780538303479458,8.756839814829462,26
318,331,41.54054054054054,1528.7432432432433,3074.0,113127.0,8.03073492409854,11.636266360403956,26
319,332,41.320754716981135,875.1698113207547,2190.0,46384.0,7.691656822810547,10.744709851161437,26
320,333,27.571428571428573,564.9285714285714,772.0,15818.0,6.648984550024776,9.668903811079362,26
321,334,60.1875,1111.921875,3852.0,71163.0,8.256347772918016,11.172728299407147,26
322,335,18.625,373.8333333333333,447.0,8972.0,6.102558594613569,9.101863895640099,26
323,336,20.71875,437.21875,663.0,13991.0,6.4967749901858625,9.546169544733285,26
324,337,7.84,583.96,196.0,14599.0,5.278114659230517,9.58870831219998,26
325,338,29.10810810810811,705.4324324324324,1077.0,26101.0,6.981934677156389,10.169728906753061,26
326,339,9.131578947368421,824.0263157894736,347.0,31313.0,5.849324779946859,10.351788625763605,26
327,340,0.2,339.65,4.0,6793.0,1.3862943611198906,8.823647949191303,26
328,341,33.325581395348834,634.1860465116279,1432.9999999999998,27270.0,7.267525427828172,10.213542475839635,26
329,342,12.65,170.3,253.0,3406.0,5.53338948872752,8.133293861222633,26
330,343,26.1,384.4,261.0,3844.0,5.564520407322694,8.254268770090183,26
331,344,14.0,240.4,210.0,3606.0,5.3471075307174685,8.190354403763262,26
332,345,9.777777777777779,252.83333333333334,176.0,4551.0,5.170483995038151,8.423102268016642,26
333,347,10.7,212.9,107.0,2129.0,4.672828834461906,7.663407664893479,26
334,348,11.1,161.6,111.0,1616.0,4.709530201312334,7.38770923908104,26
335,349,16.0,268.375,128.0,2147.0,4.852030263919617,7.671826797878781,26
336,350,19.294117647058822,346.0,328.0,5882.0,5.793013608384144,8.67965211911394,26
337,352,15.782608695652174,264.69565217391306,363.0,6088.0,5.8944028342648505,8.714074899541522,26
338,353,10.68,415.8,267.0,10395.0,5.58724865840025,9.249080200292113,26
339,355,23.566666666666666,494.1333333333333,707.0,14824.0,6.561030665896573,9.604002767965195,26
340,356,8.142857142857142,15.571428571428571,57.0,109.0,4.04305126783455,4.6913478822291435,26
341,357,26.166666666666668,674.8666666666667,785.0,20246.0,6.665683717782408,9.915712522158698,26
342,358,19.655172413793103,393.7241379310345,570.0,11418.0,6.345636360828596,9.342946336524205,26
343,359,15.916666666666666,210.95833333333334,382.0,5063.0,5.945420608606575,8.529714471969909,26
344,360,13.736842105263158,218.94736842105263,261.0,4160.0,5.564520407322694,8.333270353255308,26
345,361,17.88235294117647,418.94117647058823,304.0,7122.0,5.717027701406222,8.870943863837724,26
346,362,10.294117647058824,200.0,175.0,3400.0,5.1647859739235145,8.131530710604252,26
347,363,0.9523809523809523,405.9047619047619,20.0,8524.0,2.995732273553991,9.050640993218508,26
348,364,23.035714285714285,369.75,645.0,10353.0,6.4692503167957724,9.245031611766112,26
349,365,11.705882352941176,276.52941176470586,199.0,4701.0,5.293304824724492,8.45553053102413,26
350,366,15.3,275.1,153.0,2751.0,5.030437921392435,7.919719760924575,26
351,367,14.208333333333334,289.875,341.0,6957.0,5.831882477283517,8.847503625923641,26
352,368,1.2380952380952381,386.04761904761904,26.0,8107.0,3.258096538021482,9.000483164987708,26
353,369,18.517241379310345,424.8965517241379,537.0,12322.0,6.285998094508865,9.419141561574516,26
354,370,21.4375,530.5625,686.0,16978.0,6.530877627725885,9.739673667297913,26
355,371,38.78,751.36,1939.0,37568.0,7.569927655242652,10.53390790318777,26
356,372,15.625,407.0416666666667,375.0,9769.0,5.926926025970411,9.186969385652942,26
357,373,19.48148148148148,419.037037037037,526.0,11314.0,6.26530121273771,9.333796175903101,26
358,374,15.421052631578947,238.26315789473685,293.0,4527.0,5.680172609017068,8.417814747435958,26
359,375,22.0,484.2,660.0,14526.0,6.492239835020471,9.583695426166113,26
360,376,41.66153846153846,813.7846153846153,2708.0,52896.0,7.903965634032166,10.876083000620751,26
361,377,19.966666666666665,380.5,599.0,11415.0,6.395261598115449,9.342683558963897,26
362,378,16.608695652173914,261.0869565217391,382.0,6005.0,5.945420608606575,8.700347734514084,26
363,379,14.333333333333334,429.7142857142857,301.0,9024.0,5.707110264748875,9.10764297373784,26
364,380,14.941176470588236,306.3529411764706,254.0,5208.0,5.537334267018537,8.557951183888406,26
365,381,21.785714285714285,504.0357142857143,610.0,14113.0,6.413458957167357,9.554851637414007,26
366,382,16.318181818181817,309.72727272727275,358.99999999999994,6814.0,5.883322388488279,8.826734598220911,26
367,383,9.333333333333334,118.33333333333333,112.0,1420.0,4.718498871295094,7.258412150595307,26
368,384,22.204545454545453,540.2954545454545,977.0,23773.0,6.884486652042782,10.076305761898272,26
369,385,16.115384615384617,252.80769230769232,419.00000000000006,6573.0,6.037870919922137,8.790725628263576,26
370,386,0.625,400.125,15.0,9603.0,2.70805020110221,9.169830828637973,26
371,387,11.083333333333334,185.16666666666666,133.0,2222.0,4.890349128221754,7.706162970199576,26
372,388,14.0,407.9047619047619,294.0,8566.0,5.683579767338681,9.055556158175316,26
373,389,16.115384615384617,24.153846153846153,419.00000000000006,628.0,6.037870919922137,6.4425401664681985,26
374,390,12.875,218.75,206.0,3500.0,5.327876168789581,8.160518247477505,26
375,391,16.344827586206897,374.6551724137931,474.0,10865.0,6.161207321695077,9.29330189269053,26
376,392,11.11111111111111,231.16666666666666,200.0,4161.0,5.298317366548036,8.333510708982942,26
377,393,6.864864864864865,635.7837837837837,254.0,23524.0,5.537334267018537,10.065776455579847,26
378,394,12.733333333333333,223.66666666666666,191.0,3355.0,5.25227342804663,8.118207049405783,26
379,395,16.045454545454547,337.6818181818182,353.0,7429.0,5.8664680569332965,8.913146539151807,26
380,398,8.470588235294118,548.1764705882352,144.0,9319.0,4.969813299576001,9.139810605785655,26
381,402,11.625,303.0,93.0,2424.0,4.532599493153256,7.793174347189205,26
382,403,5.125,289.25,82.0,4628.0,4.406719247264253,8.439880088313567,26
383,404,1.2,875.0,42.0,30625.0,3.7376696182833684,10.329571947847029,26
384,405,1.25,599.95,25.0,11999.0,3.2188758248682006,9.392578591964389,26
385,406,11.0,643.8888888888889,99.0,5795.0,4.59511985013459,8.664750755773852,26
386,407,1.0,815.3076923076923,26.0,21198.0,3.258096538021482,9.9616621165872,26
387,409,0.9473684210526315,347.6842105263158,18.0,6606.0,2.8903717578961645,8.795733605950735,26
388,410,0.3333333333333333,621.0,4.0,7452.0,1.3862943611198906,8.916237731721479,26
389,412,0.85,450.5,17.0,9010.0,2.833213344056216,9.106090350602384,26
390,413,0.5294117647058824,387.70588235294116,9.0,6591.0,2.1972245773362196,8.79346036105272,26
391,416,0.5555555555555556,430.8888888888889,5.0,3878.0,1.6094379124341003,8.263074835802596,26
392,417,0.3333333333333333,209.5,2.0,1257.0,0.6931471805599453,7.136483208590247,26
393,418,1.5,359.125,12.0,2873.0,2.4849066497880004,7.96311205897929,26
394,419,0.5,179.66666666666666,3.0,1078.0,1.0986122886681098,6.982862751468942,26
