,label,Unedited mean intensity,Edited mean intensity,Unedited sum intensity,Edited sum intensity,ln(intensity) of unedited probe,ln(intensity) of edited probe,position
0,2,523.1818181818181,740.2727272727273,5754.999999999999,8143.0,8.657824321155983,9.004913941467132,27
1,4,649.7857142857143,768.1785714285714,18194.0,21509.0,9.808847148382007,9.976226731176434,27
2,5,443.0833333333333,416.4583333333333,10634.0,9995.0,9.271811694064283,9.209840246934501,27
3,6,516.7727272727273,505.04545454545456,11369.0,11111.0,9.338645632129106,9.315690887584008,27
4,7,485.8333333333333,495.5833333333333,11660.0,11894.0,9.363919459904483,9.38378935026654,27
5,8,395.0,345.0,6715.0,5865.0,8.812099108957337,8.676757761087575,27
6,9,607.4090909090909,494.40909090909093,13363.0,10877.0,9.500244972781061,9.294405747093851,27
7,10,440.9142857142857,1087.942857142857,15432.0,38078.0,9.644198554585564,10.547391966517623,27
8,11,498.6551724137931,668.4827586206897,14461.0,19386.0,9.579210649614792,9.872306435052554,27
9,12,802.5769230769231,560.9615384615385,20867.0,14585.0,9.945924242733385,9.587748882301822,27
10,13,739.0,685.2962962962963,19953.0,18503.0,9.90113478695253,9.825688160081716,27
11,14,318.2142857142857,462.57142857142856,4455.0,6476.0,8.40178233990491,8.775858314797526,27
12,15,505.9375,1120.0625,16190.0,35842.0,9.69214904667168,10.486875669103334,27
13,18,670.8,548.64,16770.0,13716.0,9.727346854817254,9.526318313582811,27
14,19,1082.5,1034.75,34640.0,33112.0,10.45276436267637,10.407651033428568,27
15,20,670.1052631578947,415.57894736842104,12731.999999999998,7896.0,9.451873788401983,8.974111581113318,27
16,21,2177.7118644067796,2026.5254237288136,128485.0,119565.0,11.763567444986249,11.691615435530133,27
17,23,1365.03125,1204.3125,43681.0,38538.0,10.684668503929622,10.559400046485848,27
18,24,278.3076923076923,440.0769230769231,3618.0,5721.0,8.193676665955241,8.651898894268529,27
19,25,566.5882352941177,511.4117647058824,9632.0,8694.0,9.172846167548602,9.070388411548738,27
20,26,1173.7708333333333,1149.3333333333333,56341.0,55168.0,10.939177790651616,10.918138354023364,27
21,27,769.6764705882352,850.2647058823529,26169.0,28909.0,10.172330783101328,10.27190824430491,27
22,28,685.9,525.5,6859.0,5255.0,8.83331693749932,8.566935283311052,27
23,29,1031.8181818181818,843.6818181818181,22700.0,18561.0,10.030120203469494,9.828817884199099,27
24,30,433.53333333333336,465.6,6503.0,6984.0,8.780018887869153,8.851377097519439,27
25,31,828.8947368421053,699.0526315789474,15749.000000000002,13282.0,9.664532150174582,9.494165014100659,27
26,32,670.1379310344828,713.6206896551724,19434.0,20695.0,9.874779388399384,9.937647404182833,27
27,33,992.1153846153846,922.3846153846154,25795.0,23982.0,10.15793595367875,10.08505882793938,27
28,35,768.8846153846154,854.8461538461538,19991.0,22226.0,9.903037451255743,10.009018053745592,27
29,36,416.6470588235294,400.05882352941177,7083.0,6801.0,8.865452825753623,8.824824939175638,27
30,37,1068.0526315789473,859.3157894736842,20293.0,16327.0,9.918031277976969,9.700575458126165,27
31,38,938.8695652173913,790.8695652173913,43188.0,36380.0,10.673317957867031,10.501774452072114,27
32,39,617.875,581.75,4943.0,4654.0,8.505727713306959,8.445482343862237,27
33,40,509.0,446.6666666666667,7635.0,6700.0,8.940498217652733,8.809862805379057,27
34,41,1182.75,867.125,9462.0,6937.0,9.155039056191093,8.844624683385302,27
35,43,840.3913043478261,474.9130434782609,19329.0,10923.0,9.869361837806752,9.298625936843543,27
36,44,1658.75,1128.4166666666667,39810.0,27082.0,10.591873415994362,10.206624579542769,27
37,45,1054.276595744681,1039.1914893617022,49551.0,48842.00000000001,10.8107577211892,10.79634587742716,27
38,47,435.53333333333336,319.1333333333333,6533.0,4787.0,8.78462153484075,8.473659189392508,27
39,48,1098.3636363636363,857.2727272727273,24163.999999999996,18860.0,10.092619201258632,9.844798556187449,27
40,49,1062.4473684210527,897.7368421052631,40373.0,34114.0,10.605916523694313,10.437463136200819,27
41,50,434.0625,397.75,6945.0,6364.0,8.845777255188445,8.758412389457677,27
42,51,371.4375,409.625,5943.0,6554.0,8.68996933536666,8.787830829258759,27
43,52,639.65625,539.15625,20469.0,17253.0,9.926666825483533,9.755741320381864,27
44,53,1148.5,1065.9642857142858,32158.0,29847.0,10.378416532304357,10.30383961125747,27
45,54,1014.3333333333334,876.8333333333334,24344.0,21044.0,10.100040691576806,9.954370762850697,27
46,55,1753.625,1754.8,70145.0,70192.0,11.158319807152873,11.158989623405995,27
47,56,1206.888888888889,619.5,21724.0,11151.0,9.986172919154736,9.319284458965361,27
48,57,494.75,398.8,9895.0,7976.0,9.199784858036667,8.984192311641674,27
49,58,2487.9423076923076,2181.019230769231,129373.0,113413.00000000001,11.770454983945083,11.638791302153276,27
50,59,353.85714285714283,401.57142857142856,4954.0,5622.0,8.507950610049305,8.634442751466477,27
51,60,430.94444444444446,308.6111111111111,7757.0,5555.0,8.956350940490871,8.62245370207373,27
52,61,786.4594594594595,815.4054054054054,29099.0,30170.0,10.278459088307951,10.314603332153107,27
53,62,377.46153846153845,457.5,9814.0,11895.0,9.191565216649849,9.383873422737057,27
54,63,794.6875,612.625,12715.0,9802.0,9.45053767785622,9.190341725469493,27
55,64,914.0,722.7142857142857,12796.0,10118.0,9.45688790106941,9.222071294851881,27
56,65,1052.3181818181818,698.5909090909091,23151.0,15369.0,10.049793255125712,9.640107772607312,27
57,66,1170.2682926829268,924.780487804878,47981.0,37916.0,10.778560378194001,10.543128465572932,27
58,67,274.1666666666667,201.0,3290.0,2412.0,8.098642843759418,7.788211557847076,27
59,68,1222.66,1168.5,61133.00000000001,58425.0,11.020807097558823,10.97549915940706,27
60,69,1290.3095238095239,1077.3333333333333,54193.0,45248.0,10.900307027795478,10.719913749256245,27
61,70,620.2352941176471,190.0,10544.0,3230.0,9.263312256742289,8.080237416216702,27
62,71,532.6111111111111,369.1666666666667,9587.0,6645.0,9.168163293076997,8.801619971147346,27
63,72,881.4137931034483,826.4137931034483,25561.0,23966.0,10.148823031356836,10.084391438242461,27
64,73,1011.08,952.96,25277.0,23824.0,10.13765017033277,10.07844875492379,27
65,74,793.4347826086956,739.5217391304348,18249.0,17009.0,9.811865562988816,9.741497894714092,27
66,75,1024.1333333333334,1029.2666666666667,15362.000000000002,15439.0,9.639652206558628,9.644652054641927,27
67,76,1025.3636363636363,1023.5909090909091,22557.999999999996,22519.0,10.023845049199862,10.02211467629434,27
68,77,771.0,862.0588235294117,13107.0,14655.0,9.480901717619545,9.592536853144992,27
69,78,910.0384615384615,897.6153846153846,23661.0,23338.0,10.0715834020661,10.057838212366052,27
70,79,960.3793103448276,1192.5172413793102,27851.0,34583.0,10.23462415135353,10.451117510824167,27
71,80,793.375,715.625,12694.0,11450.0,9.448884719866415,9.345745008982385,27
72,81,2434.5285714285715,2083.157142857143,170417.0,145821.0,12.046003653659346,11.890135121106761,27
73,82,342.57142857142856,218.92857142857142,4796.0,3065.0,8.475537516147405,8.027802848370312,27
74,83,965.2352941176471,985.2352941176471,16409.0,16749.0,9.70558524377515,9.72609383397847,27
75,84,419.29411764705884,558.0588235294117,7128.0,9487.0,8.871785969150645,9.157677719392877,27
76,85,312.0,549.4444444444445,5616.0,9890.0,8.633374945705647,9.199279424616758,27
77,86,752.9473684210526,866.7368421052631,14306.0,16468.0,9.56843430866833,9.709174382889795,27
78,87,500.1111111111111,615.0555555555555,9002.0,11071.0,9.105202053852878,9.312084355859467,27
79,88,922.7083333333334,626.625,22145.0,15039.0,10.0053670163573,9.618402105931613,27
80,89,1231.5652173913043,1105.5869565217392,56651.99999999999,50857.00000000001,10.944682570334287,10.836773051786144,27
81,90,1535.65,1098.8,30713.0,21976.0,10.332441296713197,9.99770622777511,27
82,91,1258.16,1040.12,31454.000000000004,26002.999999999996,10.35628144005067,10.165967194962711,27
83,92,823.6666666666666,567.8333333333334,14826.0,10221.0,9.604137675216665,9.232199706329077,27
84,93,543.0,316.04545454545456,11946.0,6953.0,9.388151773292252,8.846928500099018,27
85,94,1593.909090909091,1636.0727272727272,87665.0,89984.0,11.381278010904229,11.407387155730282,27
86,95,1043.5833333333333,988.0,37569.0,35568.0,10.533934521232142,10.479201636203978,27
87,96,1210.857142857143,961.2857142857143,25428.0,20187.0,10.1436062080563,9.912794111856428,27
88,97,343.5,437.0,6870.0,8740.0,8.834919385216395,9.07566546864958,27
89,98,367.7083333333333,383.375,8825.0,9201.0,9.085343881801498,9.127067452782361,27
90,99,960.8571428571429,501.8095238095238,20178.0,10538.0,9.912348180968324,9.262743050769231,27
91,100,1156.45,1028.15,23129.0,20563.0,10.0488425203955,9.931248623321519,27
92,101,963.8,761.6,9638.0,7616.0,9.173468897200278,8.938006576471201,27
93,102,1288.3225806451612,1145.774193548387,39938.0,35519.0,10.595083530603336,10.477823043556645,27
94,103,1060.24,1043.6,26506.0,26089.999999999996,10.185126401440623,10.169307378130775,27
95,104,496.5625,412.875,7945.0,6606.0,8.980298078970817,8.795733605950735,27
96,105,875.0344827586207,960.0,25376.0,27840.0,10.141559124434574,10.234229114448356,27
97,106,1207.8260869565217,891.7391304347826,27780.0,20510.0,10.232071616308335,9.928667851066427,27
98,107,984.75,918.6666666666666,23634.0,22048.0,10.07044163219896,10.000977173813386,27
99,108,485.8,501.3,4858.0,5013.0,8.488382109562117,8.519789817263504,27
100,109,1188.4,1012.2285714285714,41594.0,35428.0,10.635711205077866,10.475257746929474,27
101,110,1270.7878787878788,1247.6363636363637,41936.0,41172.0,10.643899925563188,10.62551369264645,27
102,111,372.65,345.25,7453.0,6905.0,8.916371914881694,8.840001065843392,27
103,112,703.695652173913,714.9130434782609,16185.0,16443.0,9.691840166360345,9.707655133714226,27
104,113,745.1764705882352,715.7058823529412,12668.0,12167.0,9.44683440765853,9.406482647787449,27
105,114,837.0,841.6666666666666,15066.0,15150.0,9.62019582838564,9.625755810937516,27
106,115,643.5,603.65,12870.0,12073.0,9.462654300590172,9.398726833332388,27
107,116,1658.68,1049.56,41467.0,26239.0,10.632653209172005,10.175002132575733,27
108,117,780.6923076923077,1018.9230769230769,20298.0,26492.0,9.918277638008764,10.18459807960487,27
109,118,93.25,210.875,746.0,1687.0,6.61472560020376,7.430707082545968,27
110,119,827.3684210526316,859.2105263157895,15720.0,16325.0,9.662689065983198,9.700452954144632,27
111,120,843.8333333333334,840.3888888888889,15189.0,15127.0,9.62832676063802,9.6242365055622,27
112,121,1142.12,1079.96,28552.999999999996,26999.0,10.259517288372871,10.203555107263542,27
113,122,703.4375,864.0,22510.0,27648.0,10.021714933900778,10.227308671603781,27
114,123,405.8333333333333,482.5,4870.0,5790.0,8.490849216076635,8.663887570567042,27
115,124,1100.857142857143,733.9285714285714,15412.0,10275.0,9.642901705746048,9.237469039364436,27
116,125,1145.25,1072.35,45810.0,42894.0,10.732257686880788,10.666487234994907,27
117,126,579.0769230769231,549.0384615384615,15056.0,14275.0,9.61953186182516,9.56626503452421,27
118,127,364.59090909090907,454.6818181818182,8020.999999999999,10003.0,8.989818381366925,9.21064032698518,27
119,128,1458.5,1228.3333333333333,52506.0,44220.0,10.868682727763886,10.696932454411437,27
120,129,1291.5,1010.3684210526316,49077.0,38394.0,10.80114577226228,10.555656476367515,27
121,130,615.2173913043479,352.6521739130435,14150.000000000002,8111.0,9.557469903071384,9.000976444070345,27
122,131,421.3181818181818,416.27272727272725,9269.0,9158.0,9.134430777875833,9.12238309321704,27
123,132,1182.84375,1082.78125,37851.0,34649.0,10.54141267859585,10.45302414417273,27
124,133,818.2352941176471,743.2941176470588,13910.0,12636.0,9.540363284917488,9.444305161921976,27
125,134,569.7894736842105,606.578947368421,10826.0,11525.0,9.289705927356923,9.352273867864849,27
126,135,1339.2692307692307,956.1538461538462,34821.0,24860.0,10.457975932036732,10.121015365064702,27
127,136,569.5,613.5833333333334,6834.0,7363.0,8.829665432675236,8.904222737368716,27
128,138,511.1666666666667,600.8333333333334,6134.0,7210.0,8.721602344674197,8.883224230278994,27
129,140,799.7894736842105,675.8947368421053,15196.0,12842.000000000002,9.628787514307517,9.460476328353995,27
130,141,531.875,357.5,8510.0,5720.0,9.04899722156742,8.651724084373843,27
131,142,639.304347826087,581.0,14704.0,13363.0,9.595874844595468,9.500244972781061,27
132,143,816.1304347826087,650.6521739130435,18771.0,14965.0,9.840068404666473,9.6134694202868,27
133,144,620.1578947368421,375.0,11783.0,7125.0,9.37441309371334,8.871365005136852,27
134,145,901.78125,825.75,28857.0,26424.0,10.270107876820726,10.182027967070626,27
135,147,54.833333333333336,388.25,658.0,4659.0,6.489204931325317,8.446556111816797,27
136,150,512.0,435.1578947368421,9728.0,8268.0,9.182763604205949,9.020147920801659,27
137,151,488.95454545454544,548.9090909090909,10757.0,12076.0,9.283311984432006,9.39897529082673,27
138,152,865.5263157894736,634.6842105263158,16445.0,12059.0,9.707776758623158,9.397566548103592,27
139,153,662.7058823529412,645.4705882352941,11266.0,10973.0,9.329544619454659,9.3031929889908,27
140,154,426.8095238095238,341.3809523809524,8963.0,7169.000000000001,9.100860271357362,8.877521453852872,27
141,155,1006.0,649.4827586206897,29174.0,18835.0,10.281033180646158,9.843472120126142,27
142,156,1337.3157894736842,1208.342105263158,50818.0,45917.0,10.836005901514934,10.734590697848832,27
143,157,837.8,627.0,20945.0,15675.0,9.949655233381135,9.659822365501121,27
144,158,371.36842105263156,289.7894736842105,7056.0,5506.0,8.861633597686627,8.613593685702552,27
145,159,1266.4444444444443,875.3888888888889,22796.0,15757.0,10.03434036095489,9.665039989962045,27
146,160,1001.695652173913,746.9130434782609,23039.0,17179.0,10.044943711090122,9.751442986626445,27
147,161,971.5,741.0,11658.0,8892.0,9.363747918605496,9.092907275084087,27
148,162,1710.6969696969697,1377.2121212121212,56453.0,45448.0,10.941163712541249,10.724324094236962,27
149,163,1125.0588235294117,859.5882352941177,19126.0,14613.0,9.858803944909488,9.589666822474653,27
150,164,1055.5,923.7272727272727,23221.0,20322.0,10.05281232064669,9.919459322045826,27
151,165,747.1764705882352,659.5882352941177,12702.0,11213.0,9.44951474036292,9.324829098460881,27
152,166,157.08333333333334,244.58333333333334,1885.0,2935.0,7.541683099882111,7.984462732262196,27
153,167,789.7916666666666,589.7916666666666,18955.0,14155.0,9.849823027950436,9.557823197546,27
154,168,813.5555555555555,546.7777777777778,14644.0,9842.0,9.591785974240127,9.194414221425923,27
155,170,960.3333333333334,855.9047619047619,20167.0,17974.0,9.911802884139842,9.796681548218318,27
156,171,1102.7073170731708,1305.5121951219512,45211.0,53526.0,10.719095699044251,10.887922796141838,27
157,172,1011.5,852.4090909090909,22253.0,18753.0,10.010232109966116,9.839109018599922,27
158,173,900.5,506.375,14408.0,8102.0,9.575538886855792,8.999866223762636,27
159,174,769.0645161290323,1409.3225806451612,23841.0,43689.0,10.079162066608289,10.68485163315069,27
160,175,677.6,717.0,10164.0,10755.0,9.226607344440055,9.28312604170183,27
161,176,913.9666666666667,763.3333333333334,27419.0,22900.0,10.218991482721144,10.03889218954233,27
162,177,3372.0258620689656,2951.4224137931033,391155.0,342365.0,12.876859179851417,12.743632698398773,27
163,178,682.5,575.75,8190.0,6909.0,9.010669176847115,8.840580188488795,27
164,179,723.5833333333334,541.1666666666666,8683.0,6494.0,9.069122370060645,8.77863395266279,27
165,180,814.2,685.7,8142.0,6857.0,9.004791129062925,8.833025307284364,27
166,181,692.8888888888889,597.1666666666666,12472.0,10749.0,9.431241410737613,9.282568005973063,27
167,182,1032.0,734.8333333333334,18576.0,13227.0,9.829625703937673,9.490015474026047,27
168,183,625.375,740.625,5003.0,5925.0,8.517793011488205,8.686935966003333,27
169,184,826.0833333333334,587.6666666666666,9913.0,7052.0,9.201602306032898,8.861066543517762,27
170,185,447.2307692307692,362.6923076923077,11628.0,9430.0,9.361171261678766,9.151651375627504,27
171,186,521.9285714285714,709.0714285714286,7307.0,9927.0,8.896588071791218,9.203013596589722,27
172,187,988.1818181818181,782.2727272727273,10870.0,8605.0,9.293761980115255,9.06009870864564,27
173,188,915.7,847.45,18314.0,16949.0,9.815421073667677,9.737964114018055,27
174,189,377.4,224.1,3774.0,2241.0,8.235890725928495,7.714677473800927,27
175,190,2139.625,1995.2083333333333,102702.0,95770.0,11.539586869923719,11.469704762515665,27
176,191,1269.6521739130435,1016.5652173913044,29202.0,23381.0,10.28199247906151,10.059679005711038,27
177,193,832.8571428571429,697.7142857142857,11660.0,9768.0,9.363919459904483,9.18686701579054,27
178,194,1347.5862068965516,1042.4827586206898,39080.0,30232.000000000004,10.573366106156719,10.316656245029325,27
179,195,942.5882352941177,641.2941176470588,16024.0,10902.0,9.681842877345654,9.296701537624227,27
180,196,591.6666666666666,559.3333333333334,7100.0,6712.0,8.867850063029406,8.811652248147043,27
181,197,195.7,538.6,3914.0,10772.0,8.272315147956022,9.28470545393149,27
182,198,1374.9791666666667,1201.3958333333333,65999.0,57667.0,11.097394869378626,10.962440365141921,27
183,199,1125.7,1140.2142857142858,78799.0,79815.0,11.274655585410118,11.28746673569858,27
184,200,662.0,546.75,5296.0,4374.0,8.574707097616844,8.383433201236713,27
185,201,429.3333333333333,388.3333333333333,5152.0,4660.0,8.54714026778419,8.446770727119691,27
186,202,846.0833333333334,389.6666666666667,20306.0,9352.0,9.918671687861169,9.143345503151904,27
187,203,990.3636363636364,797.2727272727273,21788.0,17540.0,9.989114638503565,9.772239265926174,27
188,204,851.6666666666666,616.7083333333334,20440.0,14801.0,9.92524904431764,9.60245002503719,27
189,205,478.3333333333333,409.77777777777777,12915.0,11064.0,9.46614470552994,9.311451873344595,27
190,206,579.125,442.875,4633.0,3543.0,8.440959885416648,8.172729104865471,27
191,207,1175.5,876.2647058823529,39967.0,29793.0,10.595809392596285,10.302028745571468,27
192,208,869.2272727272727,701.4545454545455,19123.0,15432.0,9.858647078062974,9.644198554585564,27
193,209,666.6,461.4,16665.0,11535.0,9.72106599074184,9.353141170607854,27
194,210,1819.6666666666667,1389.1666666666667,87344.0,66680.0,11.377609624021538,11.10766033686473,27
195,211,758.2142857142857,555.2142857142857,10615.0,7772.999999999999,9.270023374137356,8.958411469230219,27
196,212,797.1153846153846,850.3461538461538,20725.0,22109.0,9.939095980003495,10.00374004442522,27
197,213,795.2413793103449,683.6551724137931,23062.0,19826.0,10.045941520331061,9.894749486592843,27
198,214,1021.4347826086956,910.304347826087,23493.0,20937.0,10.064457783419048,9.94927320768526,27
199,215,592.9545454545455,557.6818181818181,13045.0,12268.999999999998,9.47616019757083,9.414831034791183,27
200,216,612.7142857142857,250.07142857142858,8578.0,3501.0,9.056956065076825,8.160803920954665,27
201,217,446.8,1288.6333333333334,13404.0,38659.0,9.5033084488572,10.562534885899066,27
202,218,863.5,851.25,6908.0,6810.0,8.84043543926657,8.826147399143558,27
203,219,991.3684210526316,549.1052631578947,18836.0,10432.999999999998,9.843525211363445,9.25272913846797,27
204,220,776.2857142857143,801.7142857142857,16302.000000000002,16836.0,9.699043078654404,9.731274729890462,27
205,221,291.8666666666667,402.2,4378.0,6033.0,8.384347278082808,8.704999678440762,27
206,222,881.375,660.375,14102.0,10566.0,9.554071910278985,9.26539657772426,27
207,223,693.7307692307693,679.0769230769231,18037.0,17656.0,9.8001804826702,9.778830947936573,27
208,224,624.6,596.3,6246.0,5963.0,8.739696537843024,8.693328989123106,27
209,225,702.5,527.6818181818181,15455.0,11608.999999999998,9.645687854566217,9.359535938338036,27
210,226,345.2,1432.0,10356.0,42960.0,9.245321340871428,10.668024729182747,27
211,227,1165.2307692307693,1096.6923076923076,30296.0,28514.0,10.31877096958163,10.258150473713906,27
212,228,539.4285714285714,217.64285714285714,7552.0,3047.0,8.929567707825337,8.021912778985708,27
213,229,1021.6666666666666,846.875,24520.0,20325.0,10.107244390050148,9.919606934416011,27
214,230,1132.3461538461538,820.5384615384615,29441.0,21334.0,10.290143539657238,9.968057323185429,27
215,231,1853.7833333333333,1670.05,111227.0,100203.0,11.619328437081467,11.514953407304466,27
216,232,833.5,692.25,13336.0,11076.0,9.49822242443063,9.312535884290853,27
217,233,1246.8666666666666,911.0,18703.0,13665.0,9.836439217783001,9.522593098362169,27
218,234,649.0,289.6,6490.0,2896.0,8.778017809698136,7.971085753505607,27
219,235,1042.0833333333333,1115.25,12505.0,13383.0,9.433883843311719,9.501740523796375,27
220,236,634.1,378.1,6341.0,3781.0,8.754791763700032,8.237743803890933,27
221,237,659.75,506.25,5278.0,4050.0,8.57130251706327,8.306472160100585,27
222,238,1055.3333333333333,745.1111111111111,18996.0,13412.0,9.851983709669012,9.50390510758612,27
223,239,805.3571428571429,689.2857142857143,11275.0,9650.0,9.330343164370879,9.174713194333032,27
224,240,1565.4883720930231,1756.8837209302326,67316.0,75546.0,11.117153228832963,11.232497021229756,27
225,241,806.9166666666666,539.75,9683.0,6477.0,9.17812704961153,8.776012719182917,27
226,242,835.3461538461538,622.1923076923077,21719.0,16177.000000000002,9.98594273247232,9.691345759329694,27
227,243,939.6315789473684,685.7368421052631,17853.0,13029.0,9.789926840312962,9.474932921202932,27
228,244,1245.3529411764705,790.9411764705883,21171.0,13446.0,9.96038759966894,9.506436943028982,27
229,245,1351.96,922.24,33799.0,23056.0,10.428186495234625,10.045681318239303,27
230,246,964.4166666666666,522.6666666666666,11573.0,6272.0,9.356430077848078,8.743850562030243,27
231,247,913.8846153846154,1013.1923076923077,23761.0,26343.0,10.075800860133013,10.178957864028105,27
232,248,808.9285714285714,716.1428571428571,11325.0,10026.0,9.334767950351235,9.212936997823448,27
233,249,1045.8620689655172,852.1034482758621,30330.0,24711.0,10.319892600682627,10.115003767609359,27
234,250,1153.125,1039.71875,36900.0,33271.0,10.515966830028619,10.412441425669323,27
235,251,731.0833333333334,997.4166666666666,8773.0,11969.0,9.079434102128383,9.39007525287337,27
236,252,965.5,1007.9,9655.0,10079.0,9.175231194862615,9.218209330354878,27
237,254,1278.75,972.0714285714286,35805.0,27218.0,10.48584282744104,10.211633798120262,27
238,255,1507.4,1148.04,37685.0,28701.0,10.53701741627757,10.264687244346277,27
239,257,1120.576923076923,1065.8846153846155,29135.0,27713.000000000004,10.279695479577175,10.229656896161444,27
240,258,1235.0923076923077,1118.6,80281.0,72709.0,11.293288259235284,11.194220452283124,27
241,259,1678.7619047619048,1328.6190476190477,35254.0,27901.0,10.470334276979898,10.236417809461043,27
242,260,992.5714285714286,837.6428571428571,13896.0,11727.0,9.53935630792094,9.369649154461065,27
243,261,194.3409090909091,2039.4318181818182,8551.0,89735.0,9.053803514155955,11.404616161463377,27
244,262,1125.0,1364.96875,36000.0,43679.0,10.491274217438248,10.684622716383826,27
245,263,1278.5384615384614,1071.2307692307693,16621.0,13926.0,9.71842223507111,9.541512875502493,27
246,264,1082.1764705882354,798.7647058823529,18397.0,13579.0,9.819942886825784,9.516279760698795,27
247,265,889.2142857142857,865.0,37347.0,36330.0,10.528007866049895,10.500399125215248,27
248,266,194.04761904761904,458.04761904761904,4075.0,9619.0,8.312626025674962,9.171495588152615,27
249,267,2199.8285714285716,1677.942857142857,76994.00000000001,58728.0,11.251482775721817,10.980671893790618,27
250,268,926.2857142857143,651.7857142857143,12968.0,9125.0,9.470240063415512,9.118773178450692,27
251,270,1004.3333333333334,654.625,24104.0,15711.0,10.090133080810137,9.662116382947598,27
252,271,1471.84375,1053.03125,47099.0,33697.0,10.760007048356615,10.425164091606355,27
253,272,537.25,431.9166666666667,6447.0,5183.0,8.77137018531062,8.553139318189707,27
254,273,1369.3636363636363,789.3636363636364,15062.999999999998,8683.0,9.619996684702816,9.069122370060645,27
255,274,1494.3,1337.06,74715.0,66853.0,11.221436154175494,11.110251458112545,27
256,275,1664.6341463414635,1238.6341463414635,68250.0,50784.00000000001,11.130932713047207,10.835336623326135,27
257,276,68.17647058823529,420.7647058823529,1159.0,7153.0,7.055312843339752,8.875287128108384,27
258,278,1308.55,909.35,26171.0,18187.0,10.172407206486922,9.808462332127018,27
259,279,750.5714285714286,222.14285714285714,5254.0,1555.0,8.566744970245486,7.349230824613334,27
260,280,1436.5,745.125,11492.0,5961.0,9.34940642009918,8.692993531219926,27
261,281,486.15,361.9,9723.0,7238.0,9.182249491809657,8.887100204123687,27
262,282,750.0952380952381,482.3333333333333,15752.0,10129.0,9.664722620318962,9.223157875686796,27
263,283,974.5416666666666,761.8333333333334,23389.0,18284.0,10.060021105350893,9.813781639451635,27
264,284,1668.590909090909,609.5909090909091,36709.0,13411.0,10.510777235585936,9.50383054471094,27
265,285,413.8888888888889,288.6111111111111,7450.0,5195.0,8.915969311373605,8.555451903533328,27
266,286,881.1578947368421,669.8947368421053,16742.0,12728.000000000002,9.725675811220002,9.451559570017624,27
267,287,1078.25,824.1,21565.0,16482.0,9.978826909081944,9.710024155323328,27
268,288,578.8,234.33333333333334,8682.0,3515.0,9.06900719585954,8.164794804244766,27
269,289,876.2941176470588,687.2352941176471,14897.0,11683.0,9.608915129379593,9.365890072717148,27
270,290,1721.7450980392157,1293.764705882353,87809.0,65982.0,11.38291928006462,11.09713725653899,27
271,291,1096.6470588235295,672.2352941176471,18643.0,11428.0,9.833226019495461,9.343821763350663,27
272,292,837.25,566.25,10047.0,6795.0,9.215029361462314,8.823942326585245,27
273,293,508.6,248.9,5086.0,2489.0,8.534246945982066,7.819636302367592,27
274,295,2164.974683544304,1657.0632911392406,171033.0,130908.00000000001,12.049611799322218,11.782250065385757,27
275,296,682.5,286.8333333333333,8190.0,3442.0,9.010669176847115,8.143807976771484,27
276,297,894.9411764705883,472.1764705882353,15214.0,8027.0,9.629971335557247,8.990566138131577,27
277,298,129.2,961.4666666666667,3875.9999999999995,28844.0,8.262558973010657,10.26965727803665,27
278,299,182.41666666666666,321.5,2189.0,3858.0,7.691200097522863,8.257904193465674,27
279,300,370.9,205.9,3709.0,2059.0,8.21851757748959,7.629975707027789,27
280,301,240.89473684210526,271.7894736842105,4577.0,5164.0,8.428799040653642,8.549466751966532,27
281,302,946.5,650.1071428571429,26502.0,18203.0,10.184975480824582,9.809341694645898,27
282,303,35.75,569.125,858.0,13659.0,6.754604099487962,9.522153924002891,27
283,304,255.0,192.08333333333334,3060.0,2305.0,8.026170194946426,7.742835955430749,27
284,305,290.5,239.2,2905.0,2392.0,7.974188669286011,7.779885115070522,27
285,306,287.0,100.25,3444.0,1203.0,8.144388865547622,7.0925737159746784,27
286,307,54.25,161.125,434.0,1289.0,6.073044534100405,7.161622002939187,27
287,308,18.0,485.09090909090907,396.0,10672.0,5.981414211254481,9.275378768155404,27
288,309,666.71875,486.09375,21335.0,15555.0,9.9681041956221,9.652137409331738,27
289,310,10.157894736842104,441.89473684210526,192.99999999999997,8396.0,5.262690188904886,9.035510680940524,27
290,311,33.2,1611.5333333333333,996.0000000000001,48346.0,6.903747257584598,10.786138767366046,27
291,312,986.9285714285714,733.3571428571429,27634.0,20534.0,10.226802177616614,9.92983732785891,27
292,313,22.142857142857142,260.07142857142856,310.0,3641.0,5.736572297479192,8.200013648175434,27
293,315,669.3870967741935,637.2903225806451,20751.0,19756.0,9.940349717268694,9.891212521660515,27
294,316,257.0625,203.8125,4113.0,3261.0,8.321907968230423,8.089789175789319,27
295,317,893.4333333333333,616.4333333333333,26803.0,18493.0,10.196269100532607,9.825147561084876,27
296,318,561.2,1675.05,22448.0,67002.0,10.018956802342242,11.112477748673847,27
297,319,719.1818181818181,1415.2727272727273,23733.0,46704.0,10.074621763689507,10.751585093093896,27
298,320,221.7,40.9,2217.0,409.0,7.7039102096163115,6.013715156042802,27
299,321,563.5833333333334,463.7083333333333,13526.0,11129.0,9.512369038134885,9.317309592973425,27
300,322,367.0,129.14285714285714,5138.0,1808.0,8.544419177669829,7.4999765409521215,27
301,324,685.4090909090909,679.4090909090909,15079.0,14947.0,9.621058326365796,9.612265889785814,27
302,325,334.125,314.25,2673.0,2514.0,7.890956716138919,7.829630389150193,27
303,326,383.875,287.0,3071.0,2296.0,8.029758520440822,7.738923757439457,27
304,327,1050.7666666666667,909.6333333333333,31523.0,27289.0,10.358472717107684,10.214238969571854,27
305,328,890.52,606.28,22263.0,15157.0,10.010681386638243,9.626217750431657,27
306,329,1264.5757575757575,974.3030303030303,41731.0,32152.0,10.638999536873841,10.378229936129037,27
307,330,342.0833333333333,176.5,4105.0,2118.0,8.31996102188653,7.658227526161352,27
308,331,684.9130434782609,509.30434782608694,15753.0,11714.0,9.66478610230597,9.368539986649727,27
309,332,819.9285714285714,920.7857142857143,22958.0,25782.0,10.041421738625441,10.15743185300305,27
310,333,458.0,264.0,3664.0,2112.0,8.20631072579402,7.655390644826152,27
311,334,891.4736842105264,473.5263157894737,16938.0,8997.0,9.737314897481545,9.104646467417119,27
312,335,616.5833333333334,516.75,14798.0,12402.0,9.602247315485496,9.425613028909824,27
313,336,626.6,464.35,12532.0,9287.0,9.436040652072082,9.13637085177601,27
314,337,275.8,106.1,2758.0,1061.0,7.922261058353247,6.966967138613983,27
315,338,390.54545454545456,361.0,4296.0,3971.0,8.3654396361887,8.286773231131251,27
316,339,430.1666666666667,212.58333333333334,5162.0,2551.0,8.54907938027856,7.844240718141811,27
317,340,465.0833333333333,445.3333333333333,5581.0,5344.0,8.627123250788433,8.583729715216482,27
318,341,326.875,289.875,2615.0,2319.0,7.869019376499023,7.7488913372555315,27
319,342,1258.1923076923076,736.4230769230769,32713.0,19147.0,10.395527831398702,9.859901324373205,27
320,343,680.0,561.5,14960.0,12353.0,9.613135251528469,9.421654227536814,27
321,344,643.4666666666667,340.0,9652.0,5100.0,9.174920426744922,8.536995818712418,27
322,345,1503.2413793103449,416.7241379310345,43594.0,12085.0,10.682674805188459,9.399720293137584,27
323,346,546.3571428571429,474.0,7649.0,6636.0,8.942330199321866,8.800264651310336,27
324,347,539.7058823529412,173.05882352941177,9175.0,2942.0,9.12423767292277,7.9868449011613825,27
325,348,655.25,345.125,5242.0,2761.0,8.564458383883352,7.923348211930154,27
326,349,599.6842105263158,337.5263157894737,11394.0,6413.0,9.34084218004034,8.766082459148864,27
327,350,364.2857142857143,327.92857142857144,5100.0,4591.0,8.536995818712418,8.431853144249223,27
328,351,469.9166666666667,385.25,5639.0,4623.0,8.637462023807181,8.438799123988225,27
329,352,853.09375,733.78125,27299.0,23481.0,10.214605350465526,10.063946862472948,27
330,353,417.5882352941176,307.11764705882354,7099.0,5221.0,8.867709208039386,8.560444233410552,27
331,354,124.12,585.32,3103.0,14633.000000000002,8.04012466444838,9.591034531092427,27
332,355,909.2105263157895,540.6315789473684,17275.0,10272.0,9.757015648635871,9.237177025929743,27
333,356,67.0,585.2083333333334,1608.0,14045.0,7.382746449738912,9.550021739538344,27
334,357,457.5833333333333,302.1666666666667,5491.0,3626.0,8.610865667278873,8.195885391314796,27
335,358,1498.2666666666667,1030.0666666666666,22474.0,15451.0,10.020114364467847,9.645429005150419,27
336,359,287.4,137.8,2874.0,1378.0,7.96346006663897,7.228388451573604,27
337,360,2501.3529411764707,1722.921568627451,127569.0,87869.0,11.75641267366803,11.38360234797674,27
338,361,603.7894736842105,409.89473684210526,11472.0,7788.0,9.347664562839402,8.960339366492091,27
339,362,75.41176470588235,368.5882352941176,1282.0,6266.0,7.156176637480615,8.742893471512136,27
340,364,321.2307692307692,349.6923076923077,4176.0,4546.0,8.337109129562474,8.422003004412488,27
341,365,596.9375,377.25,9551.0,6036.0,9.164401140034737,8.70549681988774,27
342,366,1279.5625,1049.75,40946.0,33592.0,10.620009404412524,10.42204322236403,27
343,367,932.25,375.8333333333333,11187.0,4510.0,9.32250766884693,8.414052432496725,27
344,368,550.25,279.0833333333333,13206.0,6698.0,9.488426550754516,8.80956425335415,27
345,369,650.0555555555555,400.94444444444446,11701.0,7217.0,9.367429587218957,8.884194633072273,27
346,370,51.61538461538461,831.3461538461538,1342.0,21615.0,7.201916317531627,9.981142797101732,27
347,371,280.7857142857143,217.28571428571428,3931.0,3042.0,8.27664912542186,8.020270472819238,27
348,372,24.235294117647058,607.0,412.0,10319.0,6.021023349349527,9.241742135115715,27
349,373,1007.6666666666666,852.3055555555555,36276.0,30683.0,10.498911644567459,10.33146403427305,27
350,374,438.8095238095238,242.33333333333334,9215.0,5089.0,9.128587870103924,8.534836626588833,27
351,376,208.75,187.0,1670.0,1496.0,7.4205789054108005,7.310550158534422,27
352,377,340.1,397.55,6802.0,7951.0,8.82497196556714,8.981052985901483,27
353,378,1279.1538461538462,880.3461538461538,33258.0,22889.0,10.412050618647859,10.038411724792649,27
354,379,52.05263157894737,708.5263157894736,989.0,13462.0,6.8966943316227125,9.507626180570659,27
355,380,242.22222222222223,212.72222222222223,4360.0,3829.0,8.38022733634308,8.250358951477294,27
356,381,458.10526315789474,245.31578947368422,8704.0,4661.0,9.071537969095724,8.446985296372741,27
357,382,137.57627118644066,2027.864406779661,8116.999999999999,119644.0,9.001715906761175,11.69227594581923,27
358,383,681.72,443.44,17043.0,11086.0,9.743494841225237,9.31343832997975,27
359,384,13.538461538461538,450.6923076923077,176.0,5859.0,5.170483995038151,8.675734219544788,27
360,385,164.42857142857142,1189.0,4604.0,33292.0,8.434680769841773,10.413072406865986,27
361,386,105.06060606060606,1397.878787878788,3467.0,46130.0,8.151044945685024,10.739218776551866,27
362,387,12.125,1467.125,388.0,46948.0,5.961005339623274,10.756795885220015,27
363,388,485.1666666666667,695.7333333333333,14555.0,20872.0,9.585689856179723,9.946163826816564,27
364,390,268.875,196.9375,4302.0,3151.0,8.366835309827675,8.055475141757274,27
365,391,436.9583333333333,315.0416666666667,10487.0,7561.0,9.257891673834406,8.93075873555827,27
366,392,786.6428571428571,783.0,22026.0,21924.0,9.999978852724889,9.995337206166006,27
367,393,479.4,328.75,9588.0,6575.0,9.168267595554275,8.791029857045965,27
368,394,463.3125,269.8125,7413.0,4317.0,8.910990494656719,8.370315995555478,27
369,395,599.8235294117648,699.2352941176471,10197.0,11887.0,9.229848838364227,9.383200644980624,27
370,396,240.33333333333334,157.41666666666666,2884.0,1889.0,7.96693349840484,7.543802867501509,27
371,397,436.42857142857144,497.9428571428571,15275.0,17428.0,9.633972784039797,9.765833387237333,27
372,398,504.8125,251.8125,8077.0,4029.0,8.996775795442296,8.301273485191347,27
373,399,536.1666666666666,404.44444444444446,9651.0,7280.0,9.174816815907135,8.892886141190731,27
374,400,401.23809523809524,372.7142857142857,8426.0,7827.0,9.039077442538963,8.965334573804839,27
375,401,479.25,250.875,3834.0,2007.0,8.251663923605589,7.604396348796338,27
376,402,90.10344827586206,960.448275862069,2613.0,27853.0,7.868254265520613,10.234695959482242,27
377,403,425.4166666666667,216.83333333333334,5105.0,2602.0,8.537975730598767,7.86403565907245,27
378,404,921.1428571428571,563.0357142857143,25792.0,15765.000000000002,10.157819645306354,9.665547571979161,27
379,405,490.8181818181818,391.6818181818182,10798.0,8617.0,9.287116210778231,9.061492275239766,27
380,406,367.7894736842105,295.89473684210526,6988.0,5622.0,8.851949671253948,8.634442751466477,27
381,407,833.6363636363636,410.3636363636364,18340.0,9028.0,9.816839745810455,9.108086137937427,27
382,408,521.5,331.0,10430.0,6620.0,9.252441547994819,8.797850648931053,27
383,409,109.5,1313.59375,3504.0,42035.0,8.161660452056282,10.646257883569398,27
384,410,1310.8684210526317,1111.342105263158,49813.0,42231.0,10.816031273123349,10.650909827496076,27
385,411,780.5714285714286,462.76190476190476,16392.0,9718.0,9.704548689918736,9.181735114965848,27
386,412,686.7619047619048,370.6190476190476,14422.000000000002,7782.999999999999,9.576510097476705,8.959697146959389,27
387,413,674.9166666666666,448.125,16198.0,10755.0,9.692643056808935,9.28312604170183,27
388,414,400.1,272.0,4001.0,2720.0,8.294299608857235,7.908387159290043,27
389,415,1095.64,326.0,27391.000000000004,8150.0,10.217969771265725,9.005773206234908,27
390,416,359.9166666666667,170.33333333333334,4319.0,2044.0,8.3707791729607,7.622663951323595,27
391,417,604.25,268.0625,9668.0,4289.0,9.176576741823373,8.36380888451688,27
392,418,924.7931034482758,751.1379310344828,26819.0,21783.0,10.196865870532788,9.988885128048356,27
393,419,1070.08,677.0,26752.0,16925.0,10.194364515884429,9.736547097780475,27
394,420,707.7727272727273,488.0,15571.0,10736.0,9.653165488841426,9.281357859211463,27
395,421,305.1875,215.3125,4883.0,3445.0,8.49351506406166,8.144679183447758,27
396,422,380.0,442.875,6080.0,7086.0,8.712759974960212,8.865876285425417,27
397,423,587.9285714285714,644.75,16462.0,18053.0,9.70880997353259,9.801067154936659,27
398,424,718.1481481481482,698.0370370370371,19390.0,18847.0,9.872512748236698,9.844109029016629,27
399,425,732.7692307692307,523.6923076923077,19052.0,13616.000000000002,9.854927361920751,9.519000850813155,27
400,426,1326.6363636363637,1023.1090909090909,72965.0,56271.0,11.197735153101846,10.93793458372845,27
401,427,391.75,171.75,4701.0,2061.0,8.45553053102413,7.630946580890459,27
402,428,716.5,48.666666666666664,8598.0,584.0,9.059284897056227,6.369900982828227,27
403,430,468.9047619047619,340.9047619047619,9847.0,7159.0,9.194922119247803,8.876125585396185,27
404,431,551.6315789473684,400.6842105263158,10481.0,7613.0,9.257319373170178,8.937612591306213,27
405,433,384.0,417.27272727272725,8448.0,9180.0,9.041685005946043,9.124782483614537,27
406,434,892.6923076923077,550.3461538461538,23210.0,14309.0,10.052338499268483,9.568643988906736,27
407,435,411.7692307692308,518.6923076923077,5353.0,6743.000000000001,8.585412430393381,8.816260208734581,27
408,436,435.10869565217394,1026.7173913043478,20015.0,47229.0,9.904237271426673,10.762763389682739,27
409,437,187.58823529411765,179.52941176470588,3189.0,3052.0,8.067462667010057,8.023552392404348,27
410,438,959.5625,29.5,15353.0,472.0,9.639066173658899,6.156978985585555,27
411,439,230.64285714285714,210.92857142857142,3229.0,2953.0,8.079927770758275,7.990576881743923,27
412,440,58.785714285714285,357.0,823.0,4998.0,6.71295620067707,8.516793111394898,27
413,441,735.1034482758621,393.2758620689655,21318.0,11405.0,9.967307065249082,9.341807134718488,27
414,442,578.1666666666666,678.6666666666666,3469.0,4072.0,8.15162164696975,8.311889558230359,27
415,443,499.5,128.0,999.0,256.0,6.906754778648554,5.545177444479562,27
416,444,75.6470588235294,469.05882352941177,1286.0,7974.0,7.1592919047975645,8.983941527941301,27
417,445,138.10714285714286,1069.1785714285713,3867.0,29936.999999999996,8.260234291607297,10.306850452552423,27
418,446,141.6216216216216,1267.7027027027027,5240.0,46905.0,8.564076777315087,10.755879558560052,27
419,447,171.66666666666666,789.5555555555555,3090.0,14212.0,8.035926369891792,9.561841957140917,27
420,449,234.75,780.3125,3756.0,12485.0,8.231109840328154,9.432283202713874,27
421,450,87.3157894736842,496.2105263157895,1659.0,9428.0,7.413970290190444,9.151439264056021,27
422,451,153.88888888888889,831.6666666666666,4155.0,22455.0,8.332067707289548,10.01926858552184,27
423,452,147.2941176470588,1183.4705882352941,5008.0,40238.0,8.518791912779934,10.602567101749182,27
424,453,388.40909090909093,330.09090909090907,8545.0,7261.999999999999,9.053101595549691,8.89041055197428,27
425,454,139.88235294117646,839.2352941176471,2378.0,14267.0,7.774015077250727,9.565704457114814,27
426,455,921.1666666666666,567.4166666666666,11054.0,6809.0,9.310547632393208,8.826000545482966,27
427,456,1177.5625,766.96875,37682.0,24543.0,10.536937805837946,10.108181960181808,27
428,457,127.78947368421052,517.421052631579,2428.0,9831.0,7.794823152179389,9.193295937366925,27
429,458,144.41176470588235,647.0,2455.0,10999.0,7.805882040228621,9.305559638557117,27
430,459,30.88235294117647,404.94117647058823,525.0,6884.0,6.263398262591624,8.83695515733143,27
431,460,836.925925925926,600.3333333333334,22597.0,16209.000000000002,10.025572433086365,9.693321922512176,27
432,461,100.72413793103448,770.3793103448276,2921.0,22341.0,7.979681302387741,10.014178834378756,27
433,463,36.0,321.6470588235294,612.0,5468.0,6.416732282512326,8.60666819784384,27
434,464,378.75,176.0,4545.0,2112.0,8.421783006611578,7.655390644826152,27
435,465,137.86666666666667,1345.1333333333334,4136.0,40354.0,8.327484416188264,10.605445801374623,27
436,466,53.35294117647059,561.4705882352941,907.0,9545.0,6.810142450115136,9.163772736159848,27
437,467,48.666666666666664,1040.2380952380952,1022.0,21845.0,6.92951677076365,9.991727341385536,27
438,468,23.5,1629.0666666666666,705.0,48872.0,6.558197802812269,10.796959914329603,27
439,469,27.22222222222222,953.0555555555555,490.0,17155.0,6.194405391104672,9.75004495529255,27
440,470,32.9,886.35,1316.0,35454.0,7.182352111885263,10.47599136057373,27
441,471,860.2105263157895,712.5526315789474,32688.0,27077.0,10.394763317057404,10.206439938023752,27
442,472,31.7,819.1,317.0,8191.0,5.75890177387728,9.010791269515602,27
443,473,64.83783783783784,1939.918918918919,2399.0,71777.0,7.782807262839695,11.181319369456498,27
444,474,186.125,147.5,1489.0,1180.0,7.305860032684009,7.07326971745971,27
445,475,44.166666666666664,1432.1,1325.0,42963.0,7.1891677384203225,10.668094559146812,27
446,476,53.35294117647059,809.2352941176471,907.0,13757.0,6.810142450115136,9.529303064460995,27
447,477,51.69444444444444,1264.2777777777778,1861.0,45514.0,7.528869256642251,10.725775249919163,27
448,478,37.464285714285715,1128.607142857143,1049.0,31601.0,6.955592608396297,10.360944044643913,27
449,479,387.5357142857143,805.3571428571429,10851.0,22550.0,9.292012520620208,10.023490344930824,27
450,480,1609.3620689655172,1312.1206896551723,93343.0,76103.0,11.444036159548698,11.239842964886162,27
451,481,426.0,446.5769230769231,11076.0,11611.0,9.312535884290853,9.359708203627006,27
452,482,144.57142857142858,768.9285714285714,4048.0000000000005,21530.0,8.305978210967302,9.97720259035841,27
453,483,551.0,133.94117647058823,9367.0,2277.0,9.14494815320913,7.7306140660637395,27
454,484,513.4,346.65,10268.0,6933.0,9.236787541991031,8.84404789894249,27
455,485,18.586206896551722,918.4827586206897,539.0,26636.0,6.289715570908998,10.190018963230512,27
456,486,763.52,452.0,19088.0,11300.0,9.856815144337697,9.332558004700433,27
457,487,29.181818181818183,501.5,642.0,11033.0,6.464588303689961,9.308646060760307,27
458,488,24.91304347826087,748.0434782608696,573.0,17205.0,6.35088571671474,9.752955318231582,27
459,489,1627.030303030303,987.0,53692.0,32571.0,10.891019293607526,10.391177600899962,27
460,490,14.066666666666666,381.0,211.0,5715.0,5.351858133476067,8.65084957622891,27
461,491,1500.157894736842,1007.8947368421053,57006.0,38300.0,10.950911804434805,10.553205175168737,27
462,493,718.8076923076923,586.5384615384615,18689.0,15250.0,9.835690394470303,9.632334782035558,27
463,494,17.875,439.0833333333333,429.0,10538.0,6.061456918928017,9.262743050769231,27
464,495,993.44,981.52,24836.0,24538.0,10.120049492484783,10.107978215351128,27
465,496,1095.4166666666667,1003.5,39435.0,36126.0,10.58240902583209,10.494768106692502,27
466,497,518.6842105263158,289.42105263157896,9855.0,5499.0,9.19573421958682,8.612321536507814,27
467,499,803.4,362.35,16068.0,7247.0,9.684584995479172,8.888342869109282,27
468,500,1046.9117647058824,584.5882352941177,35595.0,19876.0,10.479960457537974,9.897268252722212,27
469,501,53.9,1104.3666666666666,1617.0,33131.0,7.388327859577107,10.408224678961561,27
470,502,353.29411764705884,976.7941176470588,12012.0,33211.0,9.39366142910322,10.410636425329677,27
471,503,11.5,632.9090909090909,253.0,13924.0,5.53338948872752,9.54136924893133,27
472,504,175.875,189.125,1407.0,1513.0,7.249215057114389,7.321849713788356,27
473,506,23.458333333333332,544.375,563.0,13065.0,6.333279628139691,9.477692177954713,27
474,507,25.857142857142858,431.7857142857143,362.0,6045.0,5.8916442118257715,8.706986763048892,27
475,508,487.8125,246.625,7805.0,3946.0,8.962519832949532,8.28045768658256,27
476,509,25.076923076923077,276.6923076923077,326.0,3597.0,5.786897381366708,8.187855443695623,27
477,510,60.333333333333336,444.8888888888889,1086.0,8008.0,6.990256500493881,8.988196320995057,27
478,511,1010.7941176470588,986.1470588235294,34367.0,33529.0,10.444852080610952,10.420166014977355,27
479,512,14.25,160.16666666666666,171.0,1922.0,5.14166355650266,7.561121589530238,27
480,513,287.35714285714283,113.0,4022.9999999999995,1582.0,8.299783171949787,7.366445148327599,27
481,514,17.696969696969695,741.5757575757576,584.0,24472.0,6.369900982828227,10.10528488583074,27
482,515,530.55,317.0,10611.0,6340.0,9.269646477873591,8.754634047431272,27
483,516,307.53846153846155,661.5769230769231,7996.0,17201.0,8.98669669562029,9.75272280064639,27
484,517,117.17241379310344,1014.5862068965517,3398.0,29423.0,8.130942302231878,10.289531960404688,27
485,518,13.208333333333334,577.7916666666666,317.0,13867.0,5.75890177387728,9.537267195753865,27
486,519,757.3055555555555,1411.9722222222222,27263.0,50831.0,10.213285750552616,10.836261683668637,27
487,520,65.34615384615384,929.0384615384615,1698.9999999999998,24155.0,7.437795121671932,10.092246676988507,27
488,523,65.75757575757575,776.2424242424242,2170.0,25616.0,7.682482446534506,10.150972435236495,27
489,524,27.857142857142858,919.0952380952381,585.0,19301.0,6.371611847231857,9.867912187022208,27
490,525,443.82758620689657,497.58620689655174,12871.0,14430.0,9.462731997649378,9.577064651767916,27
491,526,82.87179487179488,1091.871794871795,3232.0,42583.0,8.080856419640986,10.659210391578554,27
492,527,240.375,256.5,1923.0,2052.0,7.56164174558878,7.62657020629066,27
493,528,30.352941176470587,481.1764705882353,516.0,8180.0,6.246106765481563,9.009447429596793,27
494,529,408.7894736842105,279.7368421052632,7767.0,5315.0,8.957639268419648,8.57828829077605,27
495,532,15.482758620689655,1538.8620689655172,449.0,44627.0,6.1070228877422545,10.706094336004817,27
496,533,17.9,223.3,179.0,2233.0,5.187385805840755,7.711101251840158,27
497,539,2702.12,1936.7733333333333,202659.0,145258.0,12.219280042617294,11.886266750650119,27
498,541,310.3888888888889,504.1111111111111,5587.0,9074.0,8.628197749459149,9.113168460223909,27
499,542,103.8974358974359,1028.871794871795,4052.0,40126.0,8.306965865368573,10.599779782240146,27
500,544,171.3030303030303,670.7878787878788,5653.0,22136.0,8.63994165667529,10.004960521466762,27
501,545,57.83050847457627,1829.2881355932204,3412.0,107928.0,8.13505390861157,11.589219617118653,27
502,547,389.875,104.125,3119.0,833.0,8.045267716607803,6.725033642166843,27
503,548,308.0,115.0,2464.0,920.0,7.80954132465341,6.824373670043086,27
504,550,391.1,98.3,3911.0,983.0,8.271548374755515,6.890609120147166,27
505,551,4452.1612903225805,33.505376344086024,414051.0,3116.0,12.93374443362618,8.044305406990638,27
506,553,98.34615384615384,768.8076923076923,2557.0,19989.0,7.846589975291186,9.902937401230647,27
507,554,945.5757575757576,1323.3939393939395,31204.0,43672.0,10.348301570708204,10.684462443461593,27
508,555,74.0,1590.6666666666667,2442.0,52492.0,7.80057265467065,10.868416056016176,27
509,557,422.5,22.416666666666668,5070.0,269.0,8.531096096585228,5.594711379601839,27
510,558,937.4047619047619,876.8809523809524,39371.0,36829.0,10.580784783666008,10.514040857292054,27
511,559,2214.514705882353,2059.5882352941176,150587.0,140052.0,11.922296269240883,11.849769061200353,27
512,560,787.2777777777778,631.6666666666666,14171.0,11370.0,9.55895290182487,9.338733586744581,27
513,561,875.3548387096774,909.258064516129,27136.0,28187.0,10.20861653859163,10.246616157728505,27
514,562,1488.2272727272727,1048.409090909091,32741.0,23065.0,10.396383394136135,10.04607159599192,27
515,563,926.2,835.75,18524.0,16715.0,9.826822467600643,9.7240617988542,27
516,564,1650.8536585365853,1988.1463414634147,67685.0,81514.0,11.122619868619887,11.308530063617711,27
517,565,814.75,688.5625,13036.0,11017.0,9.475470039957452,9.307194813340065,27
518,566,1202.5675675675675,903.4054054054054,44495.0,33426.0,10.703132102290963,10.41708931924887,27
519,567,1614.16,573.48,40354.0,14337.0,10.605445801374623,9.570598887246268,27
520,568,138.025,1745.825,5521.0,69833.0,8.616314282284044,11.153861956395138,27
521,569,1326.2424242424242,1014.4545454545455,43766.0,33477.0,10.686612539214305,10.418613914853811,27
522,571,1210.7241379310344,891.2068965517242,35111.0,25845.0,10.466269750670861,10.15987243763014,27
523,572,1938.025641025641,1369.7692307692307,75583.0,53421.0,11.232986669156219,10.885959206069424,27
524,573,1106.896551724138,1386.4827586206898,32100.0,40208.0,10.376611309118108,10.601821259783373,27
525,574,999.3448275862069,733.1034482758621,28981.0,21260.0,10.274395721835582,9.964582651895938,27
526,575,1553.5588235294117,1416.4411764705883,52821.0,48159.0,10.874664117894554,10.782263315647524,27
527,576,556.875,476.125,4455.0,3809.0,8.40178233990491,8.245121966478605,27
528,577,526.5625,474.875,8425.0,7598.0,9.038958755220563,8.935640333747571,27
529,579,712.4375,509.6875,11399.0,8155.0,9.341280911236778,9.006386515055114,27
530,580,466.7,403.3,4667.0,4033.0,8.448271745949816,8.302265794873367,27
531,581,636.1428571428571,629.0714285714286,8906.0,8807.0,9.094480485881647,9.08330213880546,27
532,582,1210.7586206896551,714.448275862069,35112.0,20719.0,10.46629823136807,9.938806432660483,27
533,583,798.7037037037037,896.6666666666666,21565.0,24210.0,9.978826909081944,10.094521049932105,27
534,584,1165.4444444444443,708.0,10489.0,6372.0,9.258082367961604,8.759668671029939,27
535,585,73.66666666666667,362.0833333333333,884.0,4345.0,6.784457062637643,8.376781037699493,27
536,586,459.2,477.8,4592.0,4778.0,8.432070937999402,8.471777327885755,27
537,587,1092.1851851851852,960.8888888888889,29489.0,25944.0,10.29177259143444,10.163695647987154,27
538,588,926.1,663.1,9261.0,6631.0,9.13356731317027,8.799510901368867,27
539,589,405.07142857142856,288.2857142857143,5671.0,4036.0,8.643120748014027,8.3030093814735,27
540,590,596.1333333333333,455.2,8942.0,6828.0,9.098514556793926,8.828787083914332,27
541,591,1138.3529411764705,766.8529411764706,38704.0,26073.0,10.56369823284981,10.16865557510557,27
542,592,949.1904761904761,713.8571428571429,19933.0,14991.0,9.900131928722766,9.615205300012315,27
543,593,1142.3793103448277,1014.5172413793103,33129.0,29421.0,10.408164310715241,10.28946398406043,27
544,594,912.4,588.0,9124.0,5880.0,9.11866358340428,8.679312040892672,27
545,595,1174.8181818181818,1105.1818181818182,25846.0,24314.0,10.159911129085136,10.098807595115739,27
546,596,572.25,285.875,4578.0,2287.0,8.429017500512511,7.734996194022781,27
547,597,891.8125,581.125,14269.0,9298.0,9.565844630930576,9.13755460225053,27
548,598,734.4,416.3,7344.0,4163.0,8.901638932300326,8.333991247194975,27
549,599,820.4375,528.25,13127.0,8452.0,9.482426456803408,9.042158378735948,27
550,600,512.3333333333334,634.6666666666666,3074.0,3808.0,8.03073492409854,8.244859395911256,27
551,602,902.5,686.1111111111111,16245.0,12350.0,9.6955404481032,9.421411342056123,27
552,603,961.5714285714286,725.2142857142857,13462.0,10153.0,9.507626180570659,9.225524507301223,27
553,604,182.4,625.2,3648.0,12504.0,8.201934351194222,9.433803872101313,27
554,605,1563.3055555555557,1417.9722222222222,56279.0,51047.0,10.938076742769116,10.840502055950259,27
555,606,644.0,521.9615384615385,16744.0,13571.0,9.725795264125836,9.51569044208137,27
556,607,889.7142857142857,822.3571428571429,12456.0,11513.0,9.429957713513835,9.351232110673664,27
557,608,872.7083333333334,722.5833333333334,20945.0,17342.0,9.949655233381135,9.760886583937106,27
558,610,976.3888888888889,744.9444444444445,17575.0,13409.0,9.774232716678865,9.503681402279643,27
559,611,233.57142857142858,257.85714285714283,1635.0,1804.9999999999998,7.399398083331354,7.498315870766981,27
560,612,975.3461538461538,918.2692307692307,25359.0,23875.0,10.140888975597038,10.08058716534893,27
561,613,1614.1315789473683,1098.4736842105262,61337.0,41742.0,11.0241385287448,10.639263095151696,27
562,614,43.214285714285715,352.07142857142856,605.0,4929.0,6.405228458030842,8.502891406705377,27
563,615,1398.4516129032259,999.6129032258065,43352.0,30988.0,10.67710811724595,10.341355311751792,27
564,616,1307.2916666666667,726.9166666666666,31375.0,17446.0,10.353766676434086,9.766865674993165,27
565,617,399.0,134.5,3192.0,1076.0,8.068402958569699,6.98100574072173,27
566,618,1125.8461538461538,1211.5384615384614,14636.0,15749.999999999998,9.591239526139097,9.66459564425378,27
567,619,880.4545454545455,767.2272727272727,19370.0,16879.0,9.871480756401041,9.733825524688928,27
568,620,822.0,770.0,2466.0,2310.0,7.81035268372429,7.745002803515839,27
569,622,1486.0350877192982,1239.7543859649122,84704.0,70666.0,11.346918105026829,11.165719830979276,27
570,623,1045.5806451612902,971.6774193548387,32412.999999999996,30122.0,10.386314855875257,10.313011080771794,27
571,624,1276.48,1009.8,31912.0,25245.0,10.370737393585243,10.136383395293016,27
572,625,731.9444444444445,567.2222222222222,13175.0,10210.0,9.486076373409563,9.231122911158712,27
573,626,273.1666666666667,227.83333333333334,1639.0,1367.0,7.40184157874383,7.220373836723949,27
574,627,3432.76,2536.653333333333,257457.00000000003,190249.0,12.458607994850235,12.15608901946833,27
575,628,320.75,499.125,2566.0,3993.0,7.850103545175582,8.292298107063221,27
576,629,397.1818181818182,341.3181818181818,8738.0,7509.0,9.075436609511382,8.923857580099885,27
577,630,840.4545454545455,559.3636363636364,9245.0,6153.0,9.131838143821225,8.724695046740491,27
578,631,1043.0740740740741,940.1481481481482,28163.0,25384.0,10.245764338688534,10.141874333263031,27
579,632,1105.36,1128.92,27633.999999999996,28223.0,10.226802177616614,10.247892527339829,27
580,633,860.8636363636364,641.0454545454545,18939.0,14103.0,9.848978567035735,9.55414281969224,27
581,634,588.5555555555555,384.6666666666667,10594.0,6924.0,9.268043082104471,8.8427489162961,27
582,635,857.375,911.125,6859.0,7289.0,8.83331693749932,8.894121641382213,27
583,636,324.5833333333333,161.33333333333334,3895.0,1936.0,8.267448958304849,7.568379267836522,27
584,637,596.0370370370371,510.2962962962963,16093.0,13778.0,9.686139673818495,9.530828396153142,27
585,638,1033.0833333333333,974.0,24794.0,23376.0,10.118356967398093,10.05946513399048,27
586,639,254.41176470588235,396.52941176470586,4325.0,6741.0,8.37216741936598,8.815963560853438,27
587,640,479.36,449.32,11984.0,11233.0,9.391327705757,9.326611153641569,27
588,641,574.5652173913044,540.8695652173913,13215.0,12439.999999999998,9.48910782703839,9.42867236629317,27
589,643,653.0714285714286,559.2142857142857,18286.0,15657.999999999998,9.813891018724371,9.65873724746786,27
590,644,209.91666666666666,256.0,2519.0,3072.0,7.831617276352611,8.030084094267563,27
591,645,796.875,818.0625,25500.0,26178.0,10.146433731146518,10.172674642351664,27
592,646,268.625,171.75,2149.0,1374.0,7.67275789664251,7.2254814727822945,27
593,648,518.8333333333334,389.0,15565.000000000002,11670.0,9.652780082875708,9.364776725280601,27
594,649,472.25,362.8333333333333,5667.0,4354.0,8.64241515616962,8.378850241794492,27
595,650,102.89285714285714,1162.5714285714287,2881.0,32552.000000000004,7.9658927350845286,10.390594089681526,27
596,651,705.2962962962963,321.6296296296296,19043.0,8684.0,9.854454858958817,9.069237530998182,27
