,label,Unedited mean intensity,Edited mean intensity,Unedited sum intensity,Edited sum intensity,ln(intensity) of unedited probe,ln(intensity) of edited probe,position
0,3,630.8571428571429,796.4285714285714,22080.0,27875.0,10.00242750039103,10.23548550876242,26
1,5,940.59375,828.5,30099.0,26512.0,10.312247227593723,10.185352739666344,26
2,6,415.42857142857144,403.42857142857144,5816.0,5648.0,8.668368019213355,8.639056779173078,26
3,7,1086.861111111111,867.9444444444445,39127.0,31246.0,10.574568044746826,10.349646646971848,26
4,8,90.39285714285714,653.7857142857143,2531.0,18306.0,7.836369760545124,9.814984153944724,26
5,9,248.19354838709677,1117.0645161290322,7694.0,34629.0,8.94819608331224,10.452446760283022,26
6,10,529.68,458.44,13241.999999999998,11461.0,9.491148875484791,9.346705246496699,26
7,11,944.0,862.7941176470588,32096.0,29335.0,10.376486690761663,10.28653662135996,26
8,12,97.78947368421052,635.1578947368421,1858.0,12068.0,7.527255919373784,9.398312600278953,26
9,13,116.68181818181819,654.6818181818181,2567.0,14402.999999999998,7.8504931808711405,9.57519179719905,26
10,14,154.78947368421052,524.2105263157895,2941.0,9960.0,7.9865049385539955,9.206332350578643,26
11,15,122.88235294117646,429.5882352941176,2089.0,7303.0,7.644440761556566,8.89604050162011,26
12,16,1624.9285714285713,1353.0,22749.0,18942.0,10.032276467369046,9.849136957786047,26
13,17,3264.753246753247,2765.155844155844,251386.0,212917.0,12.434744885441262,12.268657697388447,26
14,18,1550.7413793103449,1250.7586206896551,89943.0,72544.0,11.406931415338795,11.191948553307256,26
15,19,1369.0833333333333,1321.6666666666667,16429.0,15860.0,9.706803344906337,9.671555495188839,26
16,20,1914.090909090909,1376.0,42110.0,30272.0,10.648040521155973,10.317978471851605,26
17,21,2779.5116279069766,2687.6744186046512,119519.0,115570.0,11.691230633531108,11.657631685969488,26
18,22,141.92307692307693,684.3461538461538,3690.0000000000005,17793.0,8.213381737034574,9.786560400506836,26
19,23,574.5714285714286,1267.7428571428572,20110.0,44371.0,9.908972482766698,10.700341381869716,26
20,24,993.2173913043479,758.6086956521739,22844.0,17448.0,10.036443779784754,9.766980307881465,26
21,25,1827.4761904761904,1473.5,76754.0,61887.0,11.24836078135523,11.033065420461117,26
22,26,109.0,572.875,1744.0,9166.0,7.463936604468925,9.123256265069069,26
23,27,1708.375,1558.625,54668.0,49876.0,10.909033808084692,10.817295204116476,26
24,28,1960.4333333333334,1586.0333333333333,58813.0,47581.0,10.982118197885645,10.770188800870221,26
25,29,1418.857142857143,1036.0,49660.0,36260.0,10.812955059062158,10.498470484308841,26
26,30,1098.3809523809523,723.952380952381,23066.0,15203.0,10.046114950785885,9.629248055780836,26
27,31,1473.2857142857142,1173.9285714285713,41252.0,32870.0,10.62745487543596,10.400315666658265,26
28,32,86.54166666666667,548.1666666666666,2077.0,13156.0,7.638679823876112,9.484633207308947,26
29,33,978.25,988.1666666666666,11739.0,11858.0,9.370671910878523,9.380758024267314,26
30,34,1530.264705882353,1153.0294117647059,52029.0,39203.0,10.859556534418696,10.576508553462482,26
31,35,1110.357142857143,896.7142857142857,15545.0,12554.0,9.651494322492853,9.437794618877478,26
32,36,1382.4761904761904,1009.3809523809524,29031.999999999996,21197.0,10.276153948892906,9.961614941212737,26
33,37,851.9166666666666,505.4166666666667,10223.0,6065.0,9.232395362757014,8.71028982137815,26
34,38,1471.7857142857142,1497.2142857142858,20605.0,20961.0,9.933289043772918,9.950418847220561,26
35,39,1630.409090909091,1337.1363636363637,71738.0,58834.00000000001,11.180775872247704,10.982475198067938,26
36,40,1992.658536585366,2029.6097560975609,81699.0,83214.0,11.310797040871105,11.32917088188439,26
37,41,1268.5625,1261.25,20297.0,20180.0,9.918228370857626,9.9124472939076,26
38,42,826.7894736842105,733.0526315789474,15709.0,13928.0,9.661989075499939,9.541656481448024,26
39,43,2597.9024390243903,2098.3414634146343,106514.0,86032.0,11.576031710891174,11.36247459904946,26
40,44,2377.7,2186.733333333333,71331.0,65602.0,11.175086294520511,11.091361462272316,26
41,45,2180.2758620689656,90.27586206896552,63228.0,2618.0,11.054502519997286,7.870165946469845,26
42,46,1592.8636363636363,1140.9545454545455,35043.0,25101.0,10.464331157823805,10.130662964963708,26
43,47,2789.3541666666665,2517.75,133889.0,120852.0,11.804766377445848,11.702321935436144,26
44,48,1106.6190476190477,775.952380952381,23239.0,16295.0,10.053587180780166,9.698613591271663,26
45,49,2140.676470588235,1935.9411764705883,72783.0,65822.0,11.195237690432041,11.09470940793663,26
46,50,354.4166666666667,291.4166666666667,4253.0,3497.0,8.355379895253634,8.159660737063376,26
47,51,3369.170731707317,2646.439024390244,276272.0,217008.0,12.529141166652211,12.287689498202496,26
48,52,182.0,658.3928571428571,5096.0,18435.0,8.536211197252,9.822006310668245,26
49,53,131.08695652173913,489.5217391304348,3015.0,11259.0,8.011355109161286,9.32892308780313,26
50,55,184.3793103448276,737.1034482758621,5347.0,21376.0,8.584290934948731,9.970024076336372,26
51,56,139.47619047619048,622.4761904761905,2929.0,13072.0,7.982416346827733,9.478227817099784,26
52,57,570.0555555555555,405.6666666666667,10261.0,7302.0,9.236105579862208,8.895903562215581,26
53,58,486.8333333333333,436.8333333333333,2921.0,2621.0,7.979681302387741,7.8713112033234065,26
54,59,1150.6875,746.625,36822.0,23892.0,10.513850771617152,10.081298953852196,26
55,60,808.741935483871,619.5806451612904,25071.0,19207.0,10.129467078669546,9.863030074904852,26
56,61,762.64,566.88,19066.0,14172.0,9.855661923053523,9.559023465985362,26
57,62,125.52941176470588,435.11764705882354,2134.0,7397.0,7.665753431861699,8.908829791587868,26
58,63,524.3461538461538,439.0,13633.0,11414.0,9.520248603186129,9.342595951096653,26
59,64,526.9545454545455,494.6363636363636,11593.0,10882.0,9.358156746670401,9.294865327045871,26
60,65,833.9090909090909,467.6363636363636,18346.0,10288.0,9.8171668460696,9.2387334464774,26
61,66,164.13636363636363,582.9545454545455,3611.0,12825.0,8.191740021277457,9.45915167003897,26
62,67,154.23076923076923,656.0,4010.0,17056.0,8.296546520300614,9.74425732696557,26
63,68,371.5,220.0,4458.0,2640.0,8.402455513945814,7.878534196140362,26
64,69,153.23809523809524,447.0952380952381,3218.0,9389.0,8.076515327552329,9.147294070258548,26
65,70,433.51724137931035,746.2413793103449,12572.0,21641.0,9.439227397917458,9.982344942613622,26
66,72,761.9736842105264,1595.3947368421052,28955.0,60625.0,10.27349817965989,11.012462628239785,26
67,73,761.0277777777778,1827.25,27397.0,65781.0,10.218188797330702,11.094086321816611,26
68,74,1291.1875,1088.5,20659.0,17416.0,9.935906338791629,9.765144602914383,26
69,75,840.5555555555555,553.3333333333334,22695.0,14940.000000000002,10.029899914890565,9.611797458686809,26
70,76,860.448275862069,1378.103448275862,24953.0,39965.0,10.12474933443232,10.595759350060119,26
71,77,1277.095238095238,1013.9047619047619,26819.0,21292.0,10.196865870532788,9.966086694292647,26
72,78,1002.9705882352941,737.1764705882352,34101.0,25064.0,10.43708198835482,10.129187832632027,26
73,79,917.7,1401.2666666666667,27531.0,42038.0,10.223067921487123,10.646329250119924,26
74,80,567.8260869565217,464.4782608695652,13060.0,10683.0,9.477309402830421,9.276408971945887,26
75,81,1254.9,1119.0,12549.0,11190.0,9.437396260110308,9.322775801305971,26
76,82,1217.1559633027523,3013.3853211009173,132670.0,328459.0,11.795620120910963,12.70216729937617,26
77,83,1782.0526315789473,1447.017543859649,101577.0,82480.0,11.528572410546406,11.320311118690842,26
78,84,128.0,733.1,3840.0,21993.0,8.253227645581772,9.998479499891696,26
79,85,569.9047619047619,468.57142857142856,11968.0,9840.0,9.389991700214258,9.1942109900463,26
80,86,1174.0666666666666,1103.4,17611.0,16551.0,9.776278985795086,9.71420180194054,26
81,87,1210.9166666666667,1090.875,29062.0,26181.0,10.27718675788064,10.172789235831422,26
82,88,700.5555555555555,598.9629629629629,18915.0,16172.0,9.84771053706713,9.691036630760662,26
83,89,646.0714285714286,413.2142857142857,9045.0,5785.0,9.109967397829395,8.663023639627777,26
84,90,549.9583333333334,338.625,13199.0,8127.0,9.487896348128954,9.002947130753205,26
85,91,605.8717948717949,2156.5641025641025,23629.0,84106.0,10.070230050199568,11.339833187054728,26
86,92,820.6666666666666,1154.0416666666667,19696.0,27697.0,9.888170848424235,10.229079383061112,26
87,93,624.1666666666666,1031.75,14980.0,24762.0,9.61447125707121,10.117065498980637,26
88,94,938.3333333333334,417.9166666666667,11260.0,5015.0,9.329011901693681,8.520188700396035,26
89,95,764.75,1129.375,6118.0,9035.0,8.718990524710849,9.10886120302633,26
90,96,811.4090909090909,19.90909090909091,17851.0,438.0,9.789814808047552,6.082218910376446,26
91,97,1055.0714285714287,767.5,29542.000000000004,21490.0,10.293568258600546,9.975342989636555,26
92,98,858.4242424242424,817.0909090909091,28328.0,26964.0,10.25160599379174,10.20225792197333,26
93,99,447.70588235294116,407.6470588235294,7611.0,6930.0,8.937349848267392,8.84361509218395,26
94,100,963.8620689655172,701.8620689655172,27952.0,20354.0,10.238244032373839,9.921032731751877,26
95,101,1390.0227272727273,1016.7272727272727,61161.0,44736.0,11.021265010465248,10.708533825593483,26
96,102,738.625,489.8333333333333,17727.0,11756.0,9.782844180013784,9.372119027538808,26
97,103,593.0384615384615,710.8076923076923,15419.0,18481.0,9.643355794171352,9.824498456285756,26
98,104,769.1176470588235,503.94117647058823,13075.0,8567.0,9.478457288933123,9.055672891964043,26
99,105,709.5909090909091,534.6818181818181,15611.0,11762.999999999998,9.655731072956666,9.372714290960442,26
100,106,952.8888888888889,458.77777777777777,17152.0,8258.0,9.749870063870528,9.018937706446035,26
101,107,2713.8169014084506,41.16901408450704,192681.0,2923.0,12.168791250682942,7.980365765111246,26
102,108,236.56521739130434,530.3913043478261,5441.0,12199.0,8.601718146485926,9.409109260148737,26
103,109,267.46666666666664,365.8666666666667,4011.9999999999995,5488.0,8.297045149081827,8.610319169405722,26
104,110,377.0833333333333,348.75,4525.0,4185.0,8.417372856134026,8.339261982923576,26
105,111,552.5882352941177,730.2941176470588,18788.0,24830.0,9.840973647146885,10.119807878502213,26
106,112,570.5454545454545,510.59090909090907,12552.0,11233.0,9.437635294412868,9.326611153641569,26
107,113,782.1304347826087,561.4347826086956,17989.0,12913.0,9.797515738962685,9.465989834846651,26
108,114,814.9642857142857,626.75,22819.0,17549.0,10.035348801246425,9.772752247213607,26
109,115,645.0344827586207,455.2413793103448,18706.0,13202.0,9.836599606994497,9.488123612248716,26
110,116,836.0526315789474,1036.0,31770.0,39368.0,10.366277727263562,10.580708582545814,26
111,117,493.9,113.1,4939.0,1131.0,8.504918160540624,7.030857476116121,26
112,118,1218.5121951219512,1012.4146341463414,49959.0,41509.0,10.81895794802638,10.63366555017632,26
113,119,713.25,463.25,8559.0,5559.0,9.05473863988161,8.62317351495347,26
114,120,1154.15,836.0,23083.0,16720.0,10.046851694843998,9.724360886638692,26
115,121,1230.925,1151.0,49237.0,46040.0,10.80440065236596,10.73726586283582,26
116,122,2085.890909090909,1648.2727272727273,114724.0,90655.0,11.650284522729077,11.414816371859908,26
117,123,1071.4516129032259,868.741935483871,33215.0,26931.0,10.410756860099342,10.201033318424798,26
118,124,1459.71875,1053.4375,46711.0,33710.0,10.75173496195892,10.425549808228107,26
119,125,943.6,665.8,23590.0,16645.0,10.06857817240172,9.719865150009126,26
120,126,873.0909090909091,534.5909090909091,19208.0,11761.0,9.86308213790109,9.372544251851037,26
121,127,784.3333333333334,716.2916666666666,18824.0,17191.0,9.842887930407198,9.752141270041493,26
122,128,669.5454545454545,455.0,14730.0,10010.0,9.597641509456675,9.211339872309265,26
123,129,1019.0666666666667,877.2,30572.0,26316.0,10.327839836362775,10.177932398205888,26
124,131,1458.3636363636363,1394.3636363636363,48126.0,46014.0,10.78157785059498,10.736700976992914,26
125,132,1082.15,849.35,43286.0,33974.0,10.675584536074474,10.433350805179256,26
126,133,1386.9,1083.5,13869.0,10835.0,9.537411412656335,9.29053691397046,26
127,134,1272.425,979.9,50897.0,39196.0,10.83755926170537,10.576329979755709,26
128,135,1712.4166666666667,1421.361111111111,61647.0,51169.0,11.02917984560798,10.842889158907376,26
129,136,1629.5833333333333,994.5,19555.0,11934.0,9.880986287189614,9.387146748082028,26
130,137,892.75,574.5833333333334,21426.0,13790.0,9.972360416822504,9.531698970787348,26
131,138,797.09375,802.1875,25507.0,25670.0,10.146708203279516,10.153078273865185,26
132,139,618.2380952380952,392.4761904761905,12982.999999999998,8242.0,9.471396088360253,9.016998311898762,26
133,140,1482.21875,1260.75,47431.0,40344.0,10.767031302351667,10.605197963756561,26
134,141,1673.9736842105262,1123.6842105263158,63611.0,42700.0,11.060541690347897,10.661954199216716,26
135,142,1847.1470588235295,1289.9117647058824,62803.0,43857.0,11.047758122015944,10.688689620179726,26
136,143,1348.701754385965,1239.719298245614,76876.0,70664.0,11.249949013154295,11.165691528424968,26
137,144,1287.5151515151515,896.5454545454545,42488.0,29586.0,10.656976962102235,10.295056555452181,26
138,145,1289.111111111111,1003.0555555555555,46408.0,36110.0,10.7452271371459,10.494325114271504,26
139,146,1146.25,808.75,9170.0,6470.0,9.123692565250511,8.774931387494947,26
140,147,951.6206896551724,608.3793103448276,27597.0,17643.0,10.225462350145268,9.778094383128066,26
141,148,1222.4333333333334,934.2333333333333,36673.0,28027.0,10.509796068463533,10.24092361024682,26
142,149,1076.1739130434783,580.8260869565217,24752.0,13359.0,10.116661572812847,9.499945593989812,26
143,150,530.8095238095239,445.3333333333333,11147.0,9352.0,9.318925682389624,9.143345503151904,26
144,151,1370.2857142857142,658.5357142857143,38368.0,18439.0,10.554979057827241,9.822223265705164,26
145,152,840.074074074074,616.6296296296297,22682.0,16649.0,10.029326937375275,9.720105433544852,26
146,153,670.5625,405.0625,10729.0,6481.0,9.280705634636746,8.776630098427717,26
147,154,1700.6176470588234,1353.2058823529412,57821.0,46009.0,10.965107310474394,10.736592308507754,26
148,155,979.5483870967741,769.1290322580645,30366.0,23843.0,10.321078840442134,10.079245952188407,26
149,156,731.4375,340.25,11703.0,5444.0,9.367600498174767,8.602269363771356,26
150,157,33.39393939393939,667.6363636363636,1102.0,22032.0,7.004881989712859,10.000251220968437,26
151,159,1092.0,677.6206896551724,31668.0,19651.0,10.363061986291324,9.885883506587767,26
152,162,813.5,609.3333333333334,19524.0,14624.0,9.879399757007038,9.590419293693932,26
153,163,605.25,360.1875,9684.0,5763.0,9.178230318057949,8.659213451436667,26
154,164,869.0714285714286,662.3571428571429,12167.0,9273.0,9.406482647787449,9.134862230800225,26
155,165,586.0,449.40909090909093,12892.0,9887.0,9.464362242935328,9.198976041897133,26
156,166,451.04545454545456,334.45454545454544,9923.0,7358.0,9.202610573914242,8.90354343566472,26
157,167,998.5416666666666,814.7083333333334,23965.0,19553.0,10.084349711593731,9.880884006326275,26
158,169,1473.1666666666667,1053.25,17678.0,12639.0,9.780076207620894,9.444542550647126,26
159,170,1154.7777777777778,945.6666666666666,20786.0,17022.0,9.942034962148368,9.742261904036907,26
160,171,1828.5882352941176,1188.8235294117646,31086.0,20210.0,10.344512836042844,9.913932810397666,26
161,172,1356.45,750.3,27129.0,15006.0,10.20835854540859,9.616205400105674,26
162,173,2284.387755102041,2141.1632653061224,111935.0,104917.0,11.625673624661982,11.560924840358139,26
163,174,2397.5813953488373,1493.5813953488373,103096.0,64224.00000000001,11.543415871968227,11.070132251596064,26
164,175,1486.5263157894738,1278.2105263157894,28244.0,24285.999999999996,10.248636324636237,10.097655331613764,26
165,176,637.8571428571429,429.3333333333333,13395.0,9016.0,9.502636781978708,9.106756055719613,26
166,177,1294.421052631579,997.421052631579,24594.0,18951.0,10.110257789732392,9.84961197956681,26
167,178,1458.9333333333334,1371.8,43768.0,41154.0,10.686658235743662,10.625076406727377,26
168,180,1401.9166666666667,868.0833333333334,16823.0,10417.0,9.730502276719161,9.251194365984448,26
169,181,513.75,335.3333333333333,6165.0,4024.0,8.726643415598444,8.300031711779575,26
170,182,1963.948717948718,2034.2820512820513,76594.0,79337.0,11.246274023679085,11.281459881404855,26
171,183,1103.8095238095239,918.3809523809524,23180.0,19286.0,10.051045116893743,9.867134723070329,26
172,184,529.3157894736842,390.57894736842104,10057.0,7421.0,9.21602418844448,8.912069097970134,26
173,185,1770.0,1299.96,44250.0,32499.0,10.697610650436076,10.388964598613677,26
174,186,2317.2244897959185,1400.6122448979593,113544.00000000001,68630.0,11.639945705979093,11.13648503590268,26
175,187,538.1764705882352,647.7647058823529,9149.0,11012.0,9.121399862679535,9.306740866262498,26
176,188,486.15,350.15,9723.0,7003.0,9.182249491809657,8.854093907655518,26
177,189,1136.2380952380952,643.3809523809524,23861.0,13511.0,10.080000605922026,9.51125944745996,26
178,190,824.6296296296297,604.6666666666666,22265.0,16325.999999999998,10.010771217755803,9.7005142080113,26
179,191,741.2105263157895,413.10526315789474,14083.0,7849.0,9.55272367519805,8.968141414126814,26
180,192,1221.375,804.9375,19542.0,12879.0,9.880321274504288,9.46335335689267,26
181,193,1019.5333333333333,871.0666666666667,30586.0,26132.0,10.32829766690807,10.170915895960642,26
182,194,1010.8333333333334,789.875,24260.0,18957.0,10.096584182498042,9.849928535441565,26
183,195,556.1764705882352,394.11764705882354,9455.0,6700.0,9.154298981092557,8.809862805379057,26
184,196,1163.483870967742,1083.2903225806451,36068.0,33582.0,10.493161324619797,10.421745488119415,26
185,197,1102.6666666666667,768.5833333333334,13232.0,9223.0,9.490393417263473,9.129455643235719,26
186,198,127.11111111111111,705.5555555555555,1144.0,6350.0,7.042286171939743,8.756210091886738,26
187,199,1017.8636363636364,257.3636363636364,22393.0,5662.0,10.016503689004832,8.641532465671846,26
188,200,1477.7,1054.725,59108.0,42189.0,10.987121558023524,10.649914802538357,26
189,201,842.3636363636364,637.0909090909091,18532.0,14016.0,9.827254246536539,9.547954813176172,26
190,202,1029.551724137931,762.1034482758621,29856.999999999996,22101.0,10.304174597191192,10.003378135350923,26
191,203,937.08,742.68,23427.0,18567.0,10.061644482330784,9.829141090407472,26
192,204,1084.2916666666667,734.9166666666666,26023.0,17638.0,10.166736041346642,9.777810944448126,26
193,205,578.5454545454545,709.7727272727273,12728.0,15615.0,9.451559570017622,9.65598726971718,26
194,206,891.5,709.1666666666666,21396.0,17020.0,9.970959267651141,9.742144402127366,26
195,207,438.9166666666667,508.8333333333333,5267.0,6106.0,8.569216219483389,8.717027173294824,26
196,208,604.4230769230769,487.61538461538464,15715.0,12678.0,9.662370949231669,9.447623486844112,26
197,209,843.6,558.0,8436.0,5580.0,9.040263541598666,8.626944055375356,26
198,210,899.1578947368421,741.3684210526316,17084.0,14086.0,9.745897631961357,9.552936675305356,26
199,211,1040.625,930.0,8325.0,7440.0,9.027018314848645,8.914626127827137,26
200,212,711.1,586.1,7111.0,5861.0,8.869398159883518,8.676075516476429,26
201,213,1720.3055555555557,1193.9444444444443,61931.0,42982.0,11.033776141064779,10.66853670238515,26
202,214,952.421052631579,675.0526315789474,18096.0,12826.0,9.803446198355902,9.459229639708807,26
203,215,3144.8529411764707,2707.9607843137255,320775.0,276212.0,12.67849522176322,12.528923965791241,26
204,216,973.4285714285714,715.8571428571429,13628.0,10022.0,9.519881778780857,9.21253795551967,26
205,217,1427.6153846153845,1147.179487179487,55677.0,44739.99999999999,10.927322414246413,10.70862323504412,26
206,218,2356.858974358974,1900.9871794871794,183834.99999999997,148277.0,12.121793895149624,11.906837425066474,26
207,219,1684.44,1089.68,42111.0,27242.0,10.648064268202436,10.212515179007287,26
208,220,1168.0384615384614,954.0769230769231,30368.999999999996,24806.0,10.321177630266861,10.118840838375275,26
209,221,1763.5483870967741,1371.9354838709678,54670.0,42530.0,10.909070391889045,10.657964988247679,26
210,222,979.75,812.4166666666666,11757.0,9749.0,9.372204086867741,9.184919994629272,26
211,223,631.9411764705883,1645.1764705882354,21486.0,55936.0,9.975156839226488,10.931963459015208,26
212,224,1557.3333333333333,1351.25,18688.0,16215.0,9.835636885627954,9.693692018741418,26
213,225,1598.7272727272727,1506.2121212121212,52758.0,49705.0,10.873470698607058,10.813860810646245,26
214,226,1590.2857142857142,1011.6428571428571,22264.0,14163.0,10.010726303205727,9.558388209214396,26
215,227,565.6,488.9,5656.0,4889.0,8.640472207576408,8.494743062578646,26
216,228,1821.3396226415093,2063.6415094339623,96531.0,109373.0,11.47761947926274,11.602519337778444,26
217,229,2073.6428571428573,1561.4642857142858,58062.00000000001,43721.0,10.969266684108998,10.685583814855978,26
218,230,2146.5106382978724,1650.9148936170213,100886.0,77593.0,11.521746445476007,11.25923249591692,26
219,231,1300.0555555555557,1023.6111111111111,23401.0,18425.0,10.060534035475412,9.821463717057537,26
220,232,1254.1666666666667,777.8333333333334,15050.0,9334.0,9.619133270177022,9.141418926509761,26
221,233,1991.0,1242.9666666666667,59730.0,37289.0,10.997589685726352,10.526453655972313,26
222,234,1939.103448275862,1476.344827586207,56234.0,42814.0,10.937276835160228,10.664620430887167,26
223,235,1192.375,1333.5625,57234.0,64011.0,10.954903406373264,11.066810222572993,26
224,236,1529.590909090909,1117.6363636363637,33651.0,24588.000000000004,10.423798052313334,10.1100137980269,26
225,237,905.2,467.8,9052.0,4678.0,9.110741006753427,8.450625947144124,26
226,238,909.5,564.375,7276.0,4515.0,8.892336539638013,8.415160465851086,26
227,239,1321.6521739130435,942.4782608695652,30398.0,21677.0,10.322132095756407,9.984007069594924,26
228,240,982.1764705882352,732.6470588235294,16697.0,12455.0,9.722984341548957,9.429877427696281,26
229,241,1188.904761904762,911.6666666666666,24967.0,19145.0,10.125310231882922,9.859796863911395,26
230,242,791.3076923076923,1278.820512820513,30861.0,49874.00000000001,10.33724852979914,10.817255103865845,26
231,243,1583.5,1144.65625,50672.0,36629.0,10.83312876877842,10.508595555372908,26
232,244,1388.7222222222222,912.8888888888889,24997.0,16432.0,10.126511096649761,9.70698593216834,26
233,245,1939.0,977.0882352941177,65926.0,33221.0,11.096288179858814,10.410937485062203,26
234,246,813.25,724.9166666666666,9759.0,8699.0,9.18594521514146,9.07096335550754,26
235,247,699.125,354.625,5593.0,2837.0,8.629271094821588,7.950502434808851,26
236,248,2541.2884615384614,1819.9038461538462,132147.0,94635.0,11.791670218299156,11.457782665473019,26
237,249,1321.2413793103449,1203.7586206896551,38316.0,34909.0,10.553622842502783,10.460499954601437,26
238,250,1300.5277777777778,922.4166666666666,46819.0,33207.0,10.75404438242296,10.410515976053734,26
239,252,769.5263157894736,645.5263157894736,14621.0,12265.0,9.590214130417438,9.41450495669259,26
240,253,1485.4827586206898,1166.448275862069,43079.0,33827.0,10.670790918373239,10.42901457915501,26
241,254,1019.1,686.65,20382.0,13733.0,9.922407437388639,9.527556974530281,26
242,255,200.46428571428572,573.2857142857143,5613.0,16052.000000000002,8.6328406149422,9.683588731386807,26
243,256,835.9,1013.48,41795.0,50674.0,10.640531994133257,10.833168237529042,26
244,257,1452.1304347826087,1053.7391304347825,33399.0,24235.999999999996,10.416281238396817,10.09559441006488,26
245,258,624.75,404.9166666666667,7497.0,4859.0,8.922258219503062,8.488587934405903,26
246,259,1349.5384615384614,1417.7435897435898,52631.99999999999,55292.0,10.871079578765833,10.920383511584248,26
247,260,989.8947368421053,243.52631578947367,18808.0,4627.0,9.842037590219906,8.439663988907,26
248,261,656.2631578947369,334.2105263157895,12469.0,6350.0,9.431000842996585,8.756210091886738,26
249,262,807.65625,1011.34375,25845.0,32363.0,10.15987243763014,10.384771073921131,26
250,263,786.1666666666666,578.4166666666666,9434.0,6941.0,9.152075463844207,8.845201135339584,26
251,264,648.25,638.125,5186.0,5105.0,8.55371796609861,8.537975730598767,26
252,265,973.6190476190476,784.7142857142857,20446.0,16479.0,9.92554254331696,9.70984212201073,26
253,266,483.9166666666667,349.5,5807.0,4194.0,8.66681936537205,8.341410211461865,26
254,267,1601.1176470588234,1073.0980392156862,81657.0,54727.99999999999,11.310282826505848,10.910130740440835,26
255,268,787.4166666666666,924.4166666666666,28347.0,33279.0,10.252276483450736,10.41268184640677,26
256,271,922.3571428571429,470.0,12913.0,6580.0,9.465989834846651,8.791790024319363,26
257,272,1157.4827586206898,719.6896551724138,33567.0,20871.0,10.42129872047583,9.94611591459175,26
258,273,709.9166666666666,465.5833333333333,8519.0,5587.0,9.05005424204284,8.628197749459149,26
259,274,1004.4285714285714,787.6428571428571,14062.0,11027.0,9.551231402759107,9.308102089758679,26
260,275,1830.2096774193549,1525.4516129032259,113473.0,94578.0,11.639320202141805,11.457180169854597,26
261,276,75.42857142857143,489.2857142857143,1056.0,6850.0,6.962243464266207,8.83200393125627,26
262,277,1018.7142857142857,535.4761904761905,21393.0,11245.0,9.970819044696412,9.327678864393416,26
263,278,2402.0,1990.55,48040.0,39811.0,10.77978927619392,10.591898534995632,26
264,279,84.05555555555556,411.8333333333333,1513.0,7413.0,7.321849713788356,8.910990494656719,26
265,280,2215.0,1772.95,44300.0,35459.0,10.698739956033227,10.476132378440926,26
266,281,1940.5454545454545,1293.840909090909,85384.0,56929.0,11.3549140085938,10.949560156359622,26
267,282,1640.1176470588234,1754.235294117647,27882.0,29822.0,10.235736598313034,10.303001655150853,26
268,283,3378.177777777778,2611.4222222222224,304036.0,235028.00000000003,12.62490139442977,12.367459934964796,26
269,284,1202.6666666666667,1166.3333333333333,14432.0,13996.0,9.577203242302405,9.54652685348758,26
270,285,2317.625,1664.75,18541.0,13318.0,9.827739775097854,9.496871782670567,26
271,286,1184.107142857143,581.9285714285714,33155.0,16294.0,10.408948813802969,9.698552220870587,26
272,287,2334.657142857143,1918.1714285714286,81713.0,67136.0,11.310968386917102,11.114475691755969,26
273,289,2235.185185185185,1625.5185185185185,60350.0,43889.0,11.007916226525678,10.689418998189405,26
274,290,1691.4642857142858,1355.0357142857142,47361.0,37941.0,10.765554384199836,10.543787600548086,26
275,291,70.6,390.2,1059.0,5853.0,6.9650803456014065,8.67470962929122,26
276,292,949.5882352941177,622.1764705882352,16143.0,10577.0,9.689241798157529,9.266437111328052,26
277,293,1177.2142857142858,904.0,16481.0,12656.0,9.70996348123418,9.445886690007436,26
278,294,1204.6666666666667,890.75,14456.0,10689.0,9.578864832272064,9.276970454273945,26
279,295,1369.5217391304348,1189.391304347826,31499.0,27356.0,10.357711078278063,10.216691162217987,26
280,296,1908.6,1311.0,19086.0,13110.0,9.8567103609772,9.481130576757746,26
281,298,1598.3428571428572,1307.8,55942.0,45773.0,10.932070718708905,10.73144967661659,26
282,299,1010.0833333333334,793.25,12121.0,9519.0,9.402694764470512,9.161045080251306,26
283,300,524.9166666666666,227.66666666666666,6299.0,2732.0,8.74814616962193,7.912789220690681,26
284,301,63.833333333333336,337.1666666666667,766.0,4046.0,6.641182169740591,8.305484017727691,26
285,302,19.8,260.2,198.0,2602.0,5.288267030694535,7.86403565907245,26
286,304,1232.7142857142858,822.5714285714286,25887.0,17274.0,10.161496191176417,9.756957759840232,26
287,305,1904.611111111111,1822.9444444444443,68566.0,65626.0,11.135552064028248,11.091727237873064,26
288,306,1795.8813559322034,1625.5084745762713,105957.0,95905.0,11.570788630414416,11.471113397155788,26
289,307,831.2666666666667,1024.4666666666667,12469.0,15367.0,9.431000842996585,9.639977632055333,26
290,308,436.24,429.32,10906.0,10733.0,9.297068375486006,9.281078386481525,26
291,309,533.0,60.625,4264.0,485.0,8.357962965845681,6.184148890937483,26
292,310,807.5625,714.65625,25842.0,22869.0,10.159756354282166,10.037537560656384,26
293,311,137.4516129032258,934.5806451612904,4261.0,28972.0,8.357259153499912,10.274085125315217,26
294,312,848.1388888888889,781.0277777777778,30533.0,28117.0,10.326563344903953,10.244129654600282,26
295,313,1174.909090909091,621.7272727272727,25848.0,13678.0,10.159988507504334,9.523543981658042,26
296,314,1290.55,819.4,51622.0,32776.0,10.851703217194657,10.397451819226706,26
297,315,582.9,474.4,5829.0,4744.0,8.67060073804555,8.464635940677562,26
298,316,773.8,531.12,19345.0,13278.0,9.870189267134613,9.493863809279105,26
299,317,68.65384615384616,958.9615384615385,1785.0000000000002,24933.0,7.487173694213739,10.123947506221135,26
300,318,1400.5,1111.6666666666667,67224.0,53360.0,11.115785605608053,10.884816680589505,26
301,319,1341.7894736842106,1100.3333333333333,76482.0,62718.99999999999,11.244810698010976,11.046419711019633,26
302,320,1718.404255319149,1089.787234042553,80765.0,51219.99999999999,11.299298982347858,10.843885359753516,26
303,321,34.47826086956522,675.6521739130435,793.0,15540.0,6.675823221634848,9.651172623921639,26
304,322,68.1923076923077,750.5,1773.0,19513.0,7.480428306074208,9.878836189094999,26
305,323,656.3181818181819,429.45454545454544,14439.000000000002,9448.0,9.577688157971219,9.153558357877198,26
306,324,55.76744186046512,1125.4186046511627,2398.0,48392.99999999999,7.7823903355874595,10.787110454145898,26
307,325,1451.3333333333333,1057.3333333333333,17416.0,12688.0,9.765144602914383,9.448411943874628,26
308,326,1494.7333333333333,1113.6666666666667,44842.0,33410.0,10.710900479224417,10.416610535350802,26
309,327,1846.078947368421,1939.157894736842,70151.0,73688.0,11.1584053405965,11.207595242668072,26
310,328,1259.357142857143,1088.8095238095239,52893.0,45730.0,10.87602628394887,10.7305098166521,26
311,329,27.6875,826.1875,886.0,26438.0,6.786716950605081,10.182557648139346,26
312,330,2496.5625,2398.5625,119835.0,115131.0,11.693871075584251,11.653825889463395,26
313,331,2156.777777777778,1732.037037037037,58233.0,46765.0,10.9722074833392,10.752890338868651,26
314,332,1671.611111111111,1930.0,30089.0,34740.0,10.311914935439406,10.455647039795096,26
315,333,1302.3703703703704,1102.111111111111,35164.0,29757.0,10.46777811097107,10.300819677414104,26
316,334,2441.6031746031745,1927.936507936508,153821.0,121460.0,11.9435448676951,11.707340269451567,26
317,335,836.421052631579,593.4736842105264,15892.0,11276.0,9.67357111693449,9.330431852234003,26
318,336,944.8888888888889,819.1481481481482,25512.0,22117.0,10.146904208689893,10.004101822568721,26
319,337,1265.409090909091,7953.0,27839.0,174966.0,10.234193194263003,12.07234694831545,26
320,338,80.68181818181819,595.7727272727273,1775.0,13107.0,7.4815557019095165,9.480901717619545,26
321,339,802.5,626.625,6420.0,5013.0,8.767173396684006,8.519789817263504,26
322,340,890.1578947368421,12960.368421052632,16913.0,246247.0,9.735837835974042,12.414090376219008,26
323,341,1394.175,1014.4,55767.0,40576.0,10.928937575575254,10.610932037796898,26
324,342,828.7333333333333,655.9333333333333,12431.0,9839.0,9.427948631791715,9.194109358865765,26
325,343,702.2142857142857,987.0,9831.0,13818.0,9.193295937366925,9.53372736904874,26
326,344,551.1176470588235,1185.7058823529412,9369.0,20157.0,9.145161645951188,9.91130690158826,26
327,345,32.46666666666667,1147.2333333333333,974.0,34417.0,6.881411303642535,10.446305907338292,26
328,346,657.7142857142857,179.85714285714286,9208.0,2518.0,9.127827950401718,7.831220214604293,26
329,349,539.0526315789474,581.6842105263158,10242.0,11052.0,9.234252192022495,9.310366686043308,26
330,350,807.5,468.0,9690.0,5616.0,9.178849704884811,8.633374945705647,26
331,351,502.82142857142856,576.3928571428571,14079.0,16139.0,9.552439604462528,9.688993982035823,26
332,353,645.047619047619,375.42857142857144,13546.0,7884.0,9.51384657977485,8.97259066827261,26
333,354,1120.7222222222222,576.1944444444445,40346.0,20743.0,10.605247536194296,9.939964119346145,26
334,356,1260.1875,820.0,40326.0,26240.0,10.60475170119802,10.175040243058024,26
335,357,854.0769230769231,779.9230769230769,33309.0,30417.0,10.413582909722376,10.322756941620689,26
336,358,627.32,456.08,15683.000000000002,11402.0,9.660332602134424,9.341544057591527,26
337,359,395.0,300.125,3160.0,2401.0,8.058327306580958,7.783640596221253,26
338,360,491.8421052631579,423.8421052631579,9345.0,8053.0,9.142596719889664,8.993799971795545,26
339,361,497.8333333333333,371.6666666666667,5974.0,4460.0,8.695171998776056,8.40290404501411,26
340,362,891.0,572.25,7128.0,4578.0,8.871785969150645,8.429017500512511,26
341,363,1045.5,643.5769230769231,27183.0,16733.0,10.21034705689017,9.725138096494574,26
342,364,975.5384615384615,305.15384615384613,12682.0,3966.9999999999995,9.447938944259977,8.28576542051433,26
343,365,631.1666666666666,290.0,7574.0,3480.0,8.93247660846174,8.15478757276852,26
344,366,2794.0289855072465,94.14492753623189,192788.0,6496.0,12.169346418557652,8.778941881841513,26
345,367,332.56756756756755,1181.0,12305.0,43697.0,9.417760962825156,10.685034728841586,26
346,369,1086.8,608.7333333333333,32604.0,18262.0,10.392190259214349,9.812577677176286,26
347,370,1335.0666666666666,679.2333333333333,40052.0,20377.0,10.597933888827693,9.922162092800937,26
348,371,1563.5272727272727,1345.9818181818182,85994.0,74029.0,11.362032805359924,11.212212187308628,26
349,372,920.0357142857143,468.17857142857144,25761.0,13109.0,10.156616999340594,9.48105429619781,26
350,373,877.25,717.8571428571429,24563.0,20100.0,10.108996524638528,9.908475094047168,26
351,374,1013.1142857142858,733.8571428571429,35459.0,25685.0,10.476132378440926,10.153662442901368,26
352,375,1555.4153846153847,1721.2923076923078,101102.0,111884.0,11.523885187206563,11.62521789926885,26
353,376,703.3333333333334,396.3333333333333,10550.0,5945.0,9.263881138904212,8.690305809124883,26
354,377,739.5757575757576,546.4242424242424,24406.0,18032.0,10.102584282691785,9.799903236279558,26
355,378,649.1333333333333,516.8666666666667,19474.0,15506.0,9.876835521538702,9.648982324778904,26
356,379,737.2631578947369,538.7368421052631,14008.0,10236.0,9.547383873965687,9.23366619727968,26
357,380,639.6875,566.4375,10235.0,9063.0,9.23356849809539,9.111955470054781,26
358,381,1061.4285714285713,574.7714285714286,37150.0,20117.0,10.522719050145906,9.909320507728571,26
359,382,758.1875,488.875,12131.0,7822.0,9.40351943877092,8.96469555531546,26
360,383,79.78125,998.03125,2553.0,31937.0,7.845024417241484,10.37152049124621,26
361,384,159.46666666666667,675.4333333333333,4784.0,20263.0,8.473032295630468,9.91655184186533,26
362,385,995.2142857142857,713.5,27866.0,19978.0,10.235162586673537,9.902386947092095,26
363,386,774.8571428571429,458.60714285714283,21696.0,12841.0,9.984883190740122,9.460398455831275,26
364,387,814.8,162.3,8148.0,1623.0,9.005527777346696,7.392031567514591,26
365,388,66.58064516129032,962.2258064516129,2064.0,29829.0,7.6324011266014535,10.303236353648183,26
366,390,497.7391304347826,414.7826086956522,11448.0,9540.0,9.345570321236286,9.163248764442333,26
367,391,352.625,354.125,2821.0,2833.0,7.944846711001996,7.949091499830517,26
368,392,756.969696969697,521.4848484848485,24980.0,17209.0,10.125830783679568,9.753187781764911,26
369,393,409.2,217.0,8184.0,4340.0,9.009936307631463,8.375629627094451,26
370,394,117.16666666666667,370.5,2812.0,8892.0,7.941651252930556,9.092907275084087,26
371,395,570.7368421052631,328.57894736842104,10844.0,6243.0,9.291367210618557,8.739216115061744,26
372,396,484.94736842105266,134.47368421052633,9214.0,2555.0000000000005,9.128479345495862,7.845807502637805,26
373,397,638.0416666666666,474.9166666666667,15313.0,11398.0,9.636457419815208,9.341193180394946,26
374,398,66.75,285.75,267.0,1143.0,5.58724865840025,7.04141166379481,26
375,401,897.1666666666666,195.66666666666666,10766.0,2348.0,9.284148299120902,7.761319180947987,26
376,404,60.473684210526315,599.1578947368421,1149.0,11384.0,7.046647277848756,9.339964139769688,26
377,407,74.625,558.9375,1194.0,8943.0,7.085064293952548,9.09862638234618,26
378,408,93.73809523809524,1706.4761904761904,3937.0,71672.0,8.278174290943738,11.179855434277414,26
379,409,32.5,585.6666666666666,390.0,7028.0,5.966146739123692,8.857657449306988,26
380,410,77.96969696969697,1150.4545454545455,2573.0,37965.0,7.8528278122817445,10.544419961647334,26
381,411,604.8571428571429,521.1428571428571,4234.0,3648.0,8.350902451694811,8.201934351194222,26
382,412,38.34375,986.71875,1227.0,31575.0,7.112327444710911,10.360120947218691,26
383,413,61.875,564.25,495.0,4514.0,6.20455776256869,8.414938957377482,26
384,415,93.33333333333333,972.0666666666667,1400.0,14581.0,7.24422751560335,9.587474590316285,26
385,417,26.80952380952381,672.0952380952381,563.0,14114.0,6.333279628139691,9.554922491560776,26
386,418,72.11764705882354,1354.4117647058824,1226.0,23025.0,7.111512116496157,10.044335861123507,26
387,419,61.2,1440.4666666666667,1836.0,43214.0,7.515344571180436,10.673919795805615,26
388,422,35.8235294117647,932.6470588235294,609.0,15855.0,6.411818267709897,9.671240186972447,26
389,423,29.625,770.125,237.0,6161.0,5.4680601411351315,8.725994381014571,26
