,label,Unedited mean intensity,Edited mean intensity,Unedited sum intensity,Edited sum intensity,ln(intensity) of unedited probe,ln(intensity) of edited probe,position
0,1,0.19047619047619047,447.95238095238096,4.0,9407.0,1.3862943611198906,9.149209371971951,25
1,2,0.6666666666666666,194.66666666666666,8.0,2336.0,2.0794415416798357,7.756195343948118,25
2,4,1.0,350.63157894736844,19.0,6662.0,2.9444389791664403,8.804175018753625,25
3,5,0.625,200.25,5.0,1602.0,1.6094379124341003,7.379008127628304,25
4,6,1.0714285714285714,277.0,15.0,3878.0,2.70805020110221,8.263074835802596,25
5,7,0.75,212.375,6.0,1699.0,1.791759469228055,7.4377951216719325,25
6,8,0.7857142857142857,601.1428571428571,11.0,8416.0,2.3978952727983707,9.03788993497749,25
7,9,2.9,152.5,29.0,1525.0,3.367295829986474,7.329749689041512,25
8,10,6.363636363636363,195.63636363636363,70.0,2152.0,4.248495242049359,7.674152921281675,25
9,11,0.7380952380952381,1262.2142857142858,31.0,53013.0,3.4339872044851463,10.878292445476164,25
10,12,0.75,752.75,6.0,6022.0,1.791759469228055,8.70317470904168,25
11,13,0.6666666666666666,491.4166666666667,8.0,5897.0,2.0794415416798357,8.682199026000504,25
12,14,4.304347826086956,731.6521739130435,98.99999999999999,16828.0,4.59511985013459,9.730799444710412,25
13,15,1.8,180.2,18.0,1802.0,2.8903717578961645,7.496652438168283,25
14,16,0.25,161.16666666666666,3.0,1934.0,1.0986122886681098,7.56734567601324,25
15,17,0.8947368421052632,394.7894736842105,17.0,7501.0,2.833213344056216,8.922791623969637,25
16,18,0.15789473684210525,701.8947368421053,3.0,13336.000000000002,1.0986122886681098,9.49822242443063,25
17,19,34.13636363636363,1024.5454545454545,1501.9999999999998,45080.0,7.31455283232408,10.716193968153712,25
18,20,0.7142857142857143,278.7857142857143,10.0,3903.0,2.302585092994046,8.269500767180615,25
19,21,0.2,235.0,2.0,2350.0,0.6931471805599453,7.762170607138205,25
20,22,0.625,265.0,5.0,2120.0,1.6094379124341003,7.659171367666058,25
21,23,0.8461538461538461,357.9230769230769,11.0,4653.0,2.3978952727983707,8.445267451844648,25
22,24,0.75,352.4166666666667,9.0,4229.0,2.1972245773362196,8.34972083747249,25
23,25,1.0714285714285714,236.85714285714286,15.0,3316.0,2.70805020110221,8.106514516255185,25
24,26,0.21052631578947367,233.1578947368421,4.0,4430.0,1.3862943611198906,8.39615486303918,25
25,27,0.391304347826087,319.39130434782606,9.0,7345.999999999999,2.1972245773362196,8.901911226379612,25
26,28,0.8571428571428571,189.28571428571428,12.0,2650.0,2.4849066497880004,7.882314918980268,25
27,29,1.0,437.25,12.0,5247.0,2.4849066497880004,8.565411763686711,25
28,30,0.5714285714285714,655.5357142857143,16.0,18355.0,2.772588722239781,9.817657295930935,25
29,31,0.5789473684210527,409.5263157894737,11.0,7781.0,2.3978952727983707,8.95944014361693,25
30,32,0.75,91.125,6.0,729.0,1.791759469228055,6.591673732008658,25
31,33,20.666666666666668,59.904761904761905,434.0,1258.0,6.073044534100405,7.1372784372603855,25
32,34,21.076923076923077,398.38461538461536,548.0,10358.0,6.306275286948016,9.245514446983837,25
33,35,11.547619047619047,777.6666666666666,485.0,32662.0,6.184148890937483,10.393967601636689,25
34,36,7.125,237.25,57.0,1898.0,4.04305126783455,7.5485559791698735,25
35,37,15.75,422.3333333333333,378.0,10136.0,5.934894195619588,9.223848722000975,25
36,39,6.2,15.0,31.0,75.0,3.4339872044851463,4.31748811353631,25
37,40,10.75,124.08333333333333,129.0,1489.0,4.859812404361672,7.305860032684009,25
38,41,18.85185185185185,465.74074074074076,509.0,12575.0,6.2324480165505225,9.43946599496794,25
39,42,14.16,320.8,354.0,8020.0,5.869296913133774,8.98969370086056,25
40,44,15.035714285714286,277.0357142857143,421.0,7757.0,6.042632833682381,8.956350940490871,25
41,45,36.26,811.3,1813.0,40565.0,7.502738210754851,10.610660904829166,25
42,46,13.655172413793103,285.3448275862069,396.0,8275.0,5.981414211254481,9.020994200245264,25
43,47,15.926829268292684,677.3658536585366,653.0,27772.0,6.481577129276431,10.231783597873164,25
44,49,20.033333333333335,370.1333333333333,601.0,11104.0,6.398594934535208,9.315060682746585,25
45,50,18.11111111111111,324.22222222222223,489.0,8754.0,6.192362489474872,9.07726601775084,25
46,51,25.361702127659573,594.8297872340426,1192.0,27957.0,7.083387847625295,10.238422894453764,25
47,52,4.142857142857143,165.0,58.00000000000001,2310.0,4.060443010546419,7.745002803515839,25
48,55,2.75,234.625,22.0,1877.0,3.091042453358316,7.537430036586509,25
49,57,6.75,44.0,27.0,176.0,3.295836866004329,5.170483995038151,25
50,58,75.47368421052632,10.789473684210526,2868.0,410.0,7.961370201719511,6.016157159698354,25
51,59,0.6875,206.5,11.0,3304.0,2.3978952727983707,8.102889134640868,25
52,61,1.4166666666666667,297.0833333333333,17.0,3565.0,2.833213344056216,8.178919332848396,25
53,62,11.136363636363637,309.6818181818182,245.0,6813.0,5.501258210544727,8.826587830773668,25
54,63,0.9583333333333334,439.9583333333333,23.0,10559.0,3.1354942159291497,9.264733855806515,25
55,64,2.088235294117647,442.47058823529414,71.0,15044.0,4.2626798770413155,9.618734519590227,25
56,65,1.75,230.33333333333334,21.0,2764.0,3.044522437723423,7.92443418488756,25
57,66,0.875,203.75,7.0,1630.0,1.9459101490553132,7.396335293800808,25
58,67,1.8823529411764706,356.7647058823529,32.0,6065.0,3.4657359027997265,8.71028982137815,25
59,68,26.5,836.5238095238095,1113.0,35134.0,7.014814351275545,10.466924601573329,25
60,69,8.0625,202.3125,129.0,3237.0,4.859812404361672,8.082402253926244,25
61,70,4.0588235294117645,465.4117647058824,69.0,7912.0,4.23410650459726,8.976135873302548,25
62,71,38.833333333333336,821.0925925925926,2097.0,44339.0,7.64826303090192,10.69961992991643,25
63,72,4.857142857142857,574.952380952381,101.99999999999999,12074.0,4.624972813284271,9.398809659356372,25
64,73,3.235294117647059,398.52941176470586,55.0,6775.0,4.007333185232471,8.820994645747902,25
65,74,2.4705882352941178,536.8235294117648,42.0,9126.0,3.7376696182833684,9.118882761487347,25
66,75,2.5294117647058822,556.4117647058823,43.0,9459.0,3.7612001156935624,9.15472194821317,25
67,76,2.5294117647058822,549.1764705882352,43.0,9336.0,3.7612001156935624,9.141633173966392,25
68,77,3.0625,407.75,49.0,6524.0,3.8918202981106265,8.783242963740905,25
69,78,0.5333333333333333,252.93333333333334,8.0,3794.0,2.0794415416798357,8.24117615049496,25
70,79,10.928571428571429,166.07142857142858,153.0,2325.0,5.030437921392435,7.751475318021456,25
71,80,0.5,578.9375,16.0,18526.0,2.772588722239781,9.826930429813974,25
72,81,1.25,301.125,10.0,2409.0,2.302585092994046,7.786967002614872,25
73,82,1.2105263157894737,493.5263157894737,23.0,9377.0,3.1354942159291497,9.146015161419625,25
74,83,1.75,523.5,35.0,10470.0,3.5553480614894135,9.256269303864583,25
75,84,0.3333333333333333,233.41666666666666,4.0,2801.0,1.3862943611198906,7.937731775260109,25
76,85,1.0,414.625,8.0,3317.0,2.0794415416798357,8.106816038947052,25
77,86,0.6,336.0,6.0,3360.0,1.791759469228055,8.11969625295725,25
78,87,0.9411764705882353,364.2352941176471,16.0,6192.0,2.772588722239781,8.731013415269564,25
79,88,1.0,288.625,8.0,2309.0,2.0794415416798357,7.744569809354496,25
80,89,1.875,220.375,15.0,1763.0,2.70805020110221,7.47477218239787,25
81,90,0.95,574.45,19.0,11489.0,2.9444389791664403,9.349145334853365,25
82,91,0.125,242.375,1.0,1939.0,0.0,7.569927655242652,25
83,92,1.8333333333333333,315.25,22.0,3783.0,3.091042453358316,8.23827262463303,25
84,93,0.9285714285714286,312.07142857142856,13.0,4369.0,2.5649493574615367,8.382289428951436,25
85,94,3.2142857142857144,273.85714285714283,45.0,3833.9999999999995,3.8066624897703196,8.251663923605589,25
86,95,1.8421052631578947,273.42105263157896,35.0,5195.0,3.5553480614894135,8.555451903533328,25
87,96,1.2448979591836735,1274.8775510204082,61.0,62469.0,4.110873864173311,11.042425712675803,25
88,97,32.78125,452.53125,1049.0,14481.0,6.955592608396297,9.580592724328602,25
89,99,1.36,835.44,34.0,20886.0,3.5263605246161616,9.946834357039494,25
90,100,18.42222222222222,281.9555555555556,828.9999999999999,12688.000000000002,6.720220155135295,9.44841194387463,25
91,101,0.9,423.0,9.0,4230.0,2.1972245773362196,8.349957272040324,25
92,102,2.375,363.9375,38.0,5823.0,3.6375861597263857,8.66957087183712,25
93,103,0.6428571428571429,344.14285714285717,9.0,4818.0,2.1972245773362196,8.480114183174816,25
94,106,29.846153846153847,625.3076923076923,776.0,16257.999999999998,6.654152520183219,9.696340374306518,25
95,107,27.870967741935484,680.483870967742,864.0,21095.0,6.761572768804055,9.95679132455844,25
96,109,42.84444444444444,876.6666666666666,1927.9999999999998,39450.0,7.564238475170491,10.582789326274021,25
97,110,10.25,13.5,41.0,54.0,3.713572066704308,3.9889840465642745,25
98,111,12.0,722.3333333333334,324.0,19503.0,5.780743515792329,9.878323578872578,25
99,112,27.0,677.4090909090909,594.0,14903.0,6.386879319362645,9.609317813948794,25
100,113,20.8,571.8,208.0,5718.0,5.337538079701318,8.651374372882257,25
101,114,24.4375,742.3333333333334,1173.0,35632.0,7.067319848653476,10.480999389497148,25
102,116,16.130434782608695,499.1304347826087,371.0,11480.0,5.916202062607435,9.348361669873558,25
103,117,13.84,357.28,346.0,8932.0,5.846438775057725,9.097395612960048,25
104,118,26.48,531.72,662.0,13293.0,6.495265555937008,9.4949928598676,25
105,119,24.1,435.55,482.0,8711.0,6.1779441140506,9.072341873818893,25
106,120,23.647058823529413,565.8235294117648,402.0,9619.0,5.996452088619021,9.171495588152615,25
107,121,16.714285714285715,391.7142857142857,234.0,5484.0,5.455321115357702,8.609590040682205,25
108,122,6.5,126.75,78.0,1521.0,4.356708826689592,7.327123292259293,25
109,124,15.5,361.53846153846155,403.0,9400.0,5.998936561946683,9.148464968258095,25
110,125,20.595238095238095,896.952380952381,865.0,37672.0,6.762729506931879,10.536672391923391,25
111,127,12.307692307692308,252.34615384615384,320.0,6561.0,5.768320995793772,8.788898309344878,25
112,128,14.583333333333334,372.72222222222223,525.0,13418.0,6.263398262591624,9.504352368122833,25
113,129,9.125,277.4375,146.0,4439.0,4.983606621708336,8.398184404834035,25
114,130,12.733333333333333,333.6666666666667,191.0,5005.0,5.25227342804663,8.518192691749322,25
115,131,17.71875,347.78125,567.0,11129.0,6.340359303727752,9.317309592973425,25
116,132,2.5,79.0,5.0,158.0,1.6094379124341003,5.062595033026967,25
117,133,6.166666666666667,299.5,74.0,3594.0,4.30406509320417,8.187021067343505,25
118,134,15.708333333333334,283.7916666666667,377.0,6811.0,5.932245187448011,8.826294231241318,25
119,135,18.53846153846154,488.9230769230769,482.00000000000006,12712.0,6.1779441140506,9.450301708216552,25
120,136,0.07692307692307693,584.2307692307693,2.0,15190.000000000002,0.6931471805599453,9.628392595589819,25
121,137,28.892857142857142,687.4285714285714,809.0,19248.0,6.695798917058491,9.86516243821446,25
122,138,20.352941176470587,386.11764705882354,346.0,6564.0,5.846438775057725,8.789355452209982,25
123,139,18.307692307692307,389.0769230769231,476.0,10116.0,6.16541785423142,9.221873607789856,25
124,140,18.3125,533.5,293.0,8536.0,5.680172609017068,9.05204779298159,25
125,141,20.535714285714285,648.0,575.0,18144.0,6.354370040797351,9.806095206527479,25
126,143,15.153846153846153,536.7307692307693,394.0,13955.000000000002,5.976350909297934,9.543593145970423,25
127,144,16.821428571428573,380.07142857142856,471.00000000000006,10642.0,6.154858094016418,9.272563715156315,25
128,145,13.76923076923077,386.9230769230769,358.0,10060.0,5.8805329864007,9.21632244365373,25
129,147,35.189189189189186,763.5405405405405,1301.9999999999998,28251.0,7.171656822768514,10.248884134178173,25
130,148,9.878787878787879,649.1818181818181,326.0,21423.0,5.786897381366708,9.97222039021722,25
131,149,5.75,544.65,115.0,10893.0,4.74493212836325,9.295875660082446,25
132,150,21.12,527.56,528.0,13188.999999999998,6.269096283706261,9.487138427825885,25
133,151,24.866666666666667,600.8444444444444,1119.0,27038.0,7.020190708311925,10.20499856292435,25
134,153,8.380952380952381,319.8095238095238,176.0,6716.0,5.170483995038151,8.812248018197431,25
135,156,9.083333333333334,266.4583333333333,218.0,6395.0,5.384495062789089,8.763271714012943,25
136,158,14.964285714285714,350.35714285714283,419.0,9810.0,6.037870919922137,9.191157552559408,25
137,159,4.0,174.83333333333334,24.0,1049.0,3.1780538303479458,6.955592608396297,25
138,160,2.727272727272727,213.1818181818182,29.999999999999996,2345.0,3.4011973816621555,7.76004068088038,25
139,163,22.666666666666668,357.0,680.0,10710.0,6.522092798170152,9.278933163441794,25
140,164,9.0,300.5,72.0,2404.0,4.276666119016055,7.784889295655098,25
141,165,12.75,235.16666666666666,153.0,2822.0,5.030437921392435,7.945201132412759,25
142,166,18.76,339.44,469.00000000000006,8486.0,6.150602768446279,9.04617302576227,25
143,167,10.952380952380953,312.95238095238096,230.0,6572.0,5.438079308923196,8.790573479157159,25
144,168,35.97959183673469,660.0408163265306,1762.9999999999998,32342.0,7.47477218239787,10.384121974137889,25
145,169,18.333333333333332,423.14814814814815,494.99999999999994,11425.0,6.20455776256869,9.343559215762406,25
146,170,12.538461538461538,364.34615384615387,326.0,9473.0,5.786897381366708,9.156200925875535,25
147,171,14.0,232.375,112.0,1859.0,4.718498871295094,7.527793987721444,25
148,172,35.93478260869565,720.7608695652174,1652.9999999999998,33155.0,7.410347097821024,10.408948813802969,25
149,173,9.1,272.15,182.0,5443.0,5.204006687076795,8.6020856584342,25
150,174,9.947368421052632,274.8421052631579,189.0,5222.0,5.241747015059643,8.560635749259074,25
151,175,20.551724137931036,504.9310344827586,596.0,14643.0,6.39024066706535,9.591717684555258,25
152,176,0.625,405.75,10.0,6492.0,2.302585092994046,8.778325928634482,25
153,178,11.227272727272727,343.95454545454544,247.0,7567.0,5.5093883366279774,8.931551966694522,25
154,179,12.545454545454545,318.5,276.0,7007.0,5.62040086571715,8.854664928370534,25
155,180,7.166666666666667,185.25,86.0,2223.0,4.454347296253507,7.706612913964197,25
156,181,12.041666666666666,270.9583333333333,289.0,6503.0,5.666426688112432,8.780018887869153,25
157,182,12.875,162.5,309.0,3900.0,5.733341276897746,8.268731832117737,25
158,183,20.28,341.0,507.0,8525.0,6.2285110035911835,9.050758302151717,25
159,185,0.875,190.75,7.0,1526.0,1.9459101490553132,7.330405211844402,25
160,186,7.842105263157895,301.0,149.0,5719.0,5.003946305945459,8.651549243915316,25
161,187,0.35294117647058826,464.1764705882353,6.0,7891.0,1.791759469228055,8.973478148521036,25
162,188,25.0,571.25,200.0,4570.0,5.298317366548036,8.42726848388825,25
163,189,58.08,1244.6266666666668,4356.0,93347.00000000001,8.37930948405285,11.44407901133509,25
164,190,8.2,246.2,82.0,2462.0,4.406719247264253,7.808729306744399,25
165,191,0.6153846153846154,357.53846153846155,8.0,4648.0,2.0794415416798357,8.444192298531748,25
166,192,14.681818181818182,346.72727272727275,323.0,7628.0,5.777652323222656,8.93958096672031,25
167,193,0.5,212.875,4.0,1703.0,1.3862943611198906,7.440146680662688,25
168,194,0.875,172.375,7.0,1379.0,1.9459101490553132,7.229113877793302,25
169,196,25.0,499.42857142857144,525.0,10488.0,6.263398262591624,9.257987025443535,25
170,197,0.7,232.6,7.0,2326.0,1.9459101490553132,7.75190533307861,25
171,198,70.12087912087912,1399.967032967033,6381.0,127397.0,8.761080103868347,11.755063473962254,25
172,200,13.090909090909092,271.0,144.0,2981.0,4.969813299576001,8.000014093678072,25
173,201,0.6470588235294118,311.8235294117647,11.0,5301.0,2.3978952727983707,8.575650760987806,25
174,202,23.6875,481.40625,758.0,15405.0,6.630683385642372,9.642447411030767,25
175,203,40.54838709677419,680.3225806451613,1257.0,21090.0,7.136483208590247,9.95655427347282,25
176,205,0.8076923076923077,484.61538461538464,21.0,12600.0,3.044522437723423,9.441452092939569,25
177,206,0.21428571428571427,281.7857142857143,3.0,3945.0,1.0986122886681098,8.280204233279974,25
178,207,19.615384615384617,442.34615384615387,510.00000000000006,11501.0,6.234410725718371,9.350189267092581,25
179,208,4.5,155.66666666666666,54.0,1868.0,3.9889840465642745,7.532623618788788,25
180,209,11.115384615384615,255.57692307692307,289.0,6645.0,5.666426688112432,8.801619971147346,25
181,210,2.6315789473684212,413.10526315789474,50.0,7849.0,3.912023005428146,8.968141414126814,25
182,211,12.916666666666666,162.16666666666666,155.0,1946.0,5.043425116919247,7.57353126274595,25
183,212,9.294117647058824,175.76470588235293,158.0,2988.0,5.062595033026967,8.002359546252707,25
184,213,18.6875,308.21875,598.0,9863.0,6.393590753950631,9.196545660953994,25
185,214,15.62962962962963,385.14814814814815,422.0,10399.0,6.045005314036012,9.249464926660233,25
186,215,28.09375,981.3125,899.0,31402.0,6.80128303447162,10.354626864135467,25
187,216,12.32,254.8,308.0,6370.0,5.730099782973574,8.759354748566208,25
188,217,27.17241379310345,479.3448275862069,788.0,13901.0,6.669498089857879,9.539716058977092,25
189,218,0.2608695652173913,508.4782608695652,6.0,11695.0,1.791759469228055,9.36691667901828,25
190,219,27.636363636363637,664.4545454545455,304.0,7309.0,5.717027701406222,8.896861744480391,25
191,220,66.6046511627907,1376.2674418604652,5728.0,118359.0,8.653121708640482,11.681477657678185,25
192,221,24.61904761904762,426.04761904761904,517.0,8947.0,6.248042874508429,9.099073559547596,25
193,222,27.294117647058822,640.4117647058823,464.0,10887.0,6.139884552226255,9.29532469588118,25
194,223,14.857142857142858,243.39285714285714,416.0,6815.0,6.030685260261263,8.826881344130634,25
195,224,11.636363636363637,186.95454545454547,256.0,4113.0,5.545177444479562,8.321907968230423,25
196,225,13.363636363636363,292.95454545454544,294.0,6445.0,5.683579767338681,8.771059915373288,25
197,226,8.333333333333334,176.66666666666666,25.0,530.0,3.2188758248682006,6.272877006546167,25
198,227,14.071428571428571,262.60714285714283,394.0,7352.999999999999,5.976350909297934,8.902863672196222,25
199,228,17.59259259259259,342.1111111111111,475.0,9237.0,6.163314804034641,9.13097243659261,25
200,229,11.333333333333334,204.0952380952381,238.0,4286.0,5.472270673671475,8.363109176033522,25
201,230,21.6875,452.75,347.0,7244.0,5.849324779946859,8.887928819003305,25
202,231,16.785714285714285,355.07142857142856,235.0,4971.0,5.459585514144159,8.511376306094673,25
203,232,28.23076923076923,511.53846153846155,367.0,6650.0,5.905361848054571,8.8023721336499,25
204,233,12.875,303.5625,206.0,4857.0,5.327876168789581,8.488176242345745,25
205,234,8.666666666666666,135.0,104.0,1620.0,4.6443908991413725,7.3901814282264295,25
206,235,10.4,248.9,104.0,2489.0,4.6443908991413725,7.819636302367592,25
207,236,43.421052631578945,732.2631578947369,825.0,13913.0,6.715383386334681,9.540578933841877,25
208,237,44.111111111111114,771.0370370370371,1191.0,20818.0,7.0825485693553,9.943573276075414,25
209,238,36.20454545454545,1074.8636363636363,1593.0,47293.99999999999,7.373374309910049,10.764138716539604,25
210,239,27.72972972972973,617.2162162162163,1026.0,22837.0,6.933423025730715,10.036137306631591,25
211,240,38.3,703.75,766.0,14075.0,6.641182169740591,9.552155453007892,25
212,241,17.53846153846154,540.0,456.00000000000006,14040.0,6.1224928095143865,9.549665677579801,25
213,242,12.652173913043478,268.4347826086956,291.0,6173.999999999999,5.673323267171493,8.728102205062104,25
214,244,13.85,344.9,277.0,6898.0,5.6240175061873385,8.838986793496787,25
215,245,12.0,257.3478260869565,276.0,5919.0,5.62040086571715,8.685922794690725,25
216,246,7.5,157.75,90.0,1893.0,4.499809670330265,7.545918151209323,25
217,248,24.97142857142857,29.142857142857142,874.0,1020.0,6.773080375655535,6.927557906278317,25
218,250,11.25,199.83333333333334,135.0,2398.0,4.90527477843843,7.7823903355874595,25
219,253,5.0,190.25,40.0,1522.0,3.6888794541139363,7.3277805384216315,25
220,254,19.12,13.88,478.0,347.0,6.169610732491456,5.849324779946859,25
221,255,15.833333333333334,397.6666666666667,285.0,7158.0,5.652489180268651,8.875985891325971,25
222,256,17.96,349.84,449.0,8746.0,6.1070228877422545,9.076351731972865,25
223,257,21.0,437.5,294.0,6125.0,5.683579767338681,8.720134035412928,25
224,258,11.727272727272727,247.0909090909091,258.0,5436.0,5.552959584921617,8.600798775271034,25
225,259,55.0,1210.6666666666667,2805.0,61744.00000000001,7.9391588179567965,11.0307520837774,25
226,260,6.3,203.8,63.0,2038.0,4.143134726391533,7.61972421378267,25
227,261,0.625,814.1666666666666,15.0,19540.0,2.70805020110221,9.880218925596774,25
228,262,17.942857142857143,394.0571428571429,628.0,13792.0,6.4425401664681985,9.531843992903474,25
229,263,16.791666666666668,523.9583333333334,403.0,12575.0,5.998936561946683,9.43946599496794,25
230,265,46.68421052631579,1213.280701754386,2661.0,69157.0,7.886457270977689,11.144134561181431,25
231,266,22.482758620689655,541.3448275862069,652.0,15698.999999999998,6.480044561926653,9.661352295040317,25
232,267,12.117647058823529,309.6470588235294,206.0,5264.0,5.327876168789581,8.568646473005153,25
233,268,5.6875,291.1875,91.0,4659.0,4.51085950651685,8.446556111816797,25
234,270,13.04,349.16,326.0,8729.0,5.786897381366708,9.07440609473535,25
235,272,11.791666666666666,207.66666666666666,283.0,4984.0,5.645446897643238,8.51398806046729,25
236,273,25.423076923076923,477.8076923076923,661.0,12423.0,6.493753839851686,9.427304872213677,25
237,274,2.5,578.7307692307693,65.0,15047.000000000002,4.174387269895637,9.618933914758879,25
238,276,0.25,190.58333333333334,3.0,2287.0,1.0986122886681098,7.734996194022781,25
239,277,0.4074074074074074,448.6296296296296,11.0,12113.0,2.3978952727983707,9.402034535016803,25
240,278,0.5,238.1,5.0,2381.0,1.6094379124341003,7.7752758464868625,25
241,279,0.5,296.35714285714283,7.0,4149.0,1.9459101490553132,8.330622620332868,25
242,280,0.07142857142857142,267.2857142857143,1.0,3742.0,0.0,8.227375506834035,25
243,281,0.125,142.375,1.0,1139.0,0.0,7.037905963447182,25
244,282,0.25,242.875,2.0,1943.0,0.6931471805599453,7.57198844937744,25
246,284,0.6666666666666666,308.4166666666667,8.0,3701.0,2.0794415416798357,8.216358332386156,25
247,285,21.214285714285715,787.7857142857143,297.0,11029.0,5.6937321388027,9.308283446306147,25
248,286,0.875,226.875,7.0,1815.0,1.9459101490553132,7.503840746698951,25
249,287,0.5,205.25,4.0,1642.0,1.3862943611198906,7.403670290012373,25
250,288,4.045454545454546,354.8181818181818,89.00000000000001,7806.0,4.48863636973214,8.96264794774056,25
251,290,1.0625,263.4375,17.0,4215.0,2.833213344056216,8.346404870435956,25
252,291,0.7857142857142857,375.07142857142856,11.0,5251.0,2.3978952727983707,8.566173813637858,25
253,292,0.8333333333333334,236.41666666666666,10.0,2837.0,2.302585092994046,7.950502434808851,25
